1 0.36328125 0.45 0.1890625 0.19140625
5 0.07734375 0.315625 0.1546875 0.19453125
5 0.5296875 0.2390625 0.1171875 0.16953125
5 0.609375 0.67578125 0.2671875 0.42890625
1 0.60546875 0.196875 0.0359375 0.06875
1 0.8625 0.61484375 0.175 0.28828125
4 0.8109375 0.44140625 0.0234375 0.0609375
3 0.32578125 0.30625 0.05234375 0.05859375
4 0.32890625 0.278125 0.015625 0.06484375
3 0.18359375 0.2921875 0.05390625 0.06015625
4 0.18515625 0.2578125 0.01171875 0.0484375
4 0.1953125 0.2578125 0.01328125 0.05234375
4 0.88359375 0.8359375 0.03125 0.1640625
3 0.8890625 0.903125 0.08828125 0.159375
1 0.61484375 0.15546875 0.0328125 0.06171875
1 0.59296875 0.11953125 0.0265625 0.04609375
3 0.7875 0.46875 0.021875 0.05859375
3 0.26484375 0.2390625 0.02421875 0.05546875