0 0.85078125 0.84140625 0.2984375 0.3171875
0 0.354870253125 0.6485786046875 0.352503725 0.5707668578125 0.5015973671875 0.4424825109375 0.48976450156249995 0.34364058750000004 0.43296692343750004 0.3268163859375 0.1390861390625 0.45244107343750006 0.13477963906249998 0.6780209312500001 0.23062555312500002 0.722184371875 0.354870253125 0.6485786046875
0 0.7749357125 0.4866459515625 0.780852090625 0.37939187812499997 0.7252378328125 0.34364058750000004 0.6255918203124999 0.3798400625 0.6140092046875 0.5181912671875 0.6755399515625 0.54763359375 0.7749357125 0.4866459515625
0 0.4412499421875 0.7936870515625001 0.6080928265625001 0.5833849828125001 0.6021763390625 0.47402782656250003 0.52999615625 0.4340704578125 0.34067085937499997 0.56656078125 0.3312046328125 0.7305964234375 0.4412499421875 0.7936870515625001
1 0.10390625 0.87578125 0.2078125 0.24765625
1 0.07109375 0.57109375 0.1421875 0.10859375
1 0.07421875 0.49765625 0.1390625 0.10859375
3 0.1390625 0.5640625 0.00078125 0.00390625
1 0.56171875 0.35859375 0.0703125 0.05859375
1 0.5609375 0.2828125 0.05078125 0.05859375
1 0.59375 0.303125 0.071875 0.0859375
1 0.78515625 0.36015625 0.059375 0.06796875
3 0.803125 0.4359375 0.0359375 0.04296875
4 0.746875 0.315625 0.01875 0.04765625
3 0.75546875 0.32890625 0.046875 0.03046875
4 0.8046875 0.39921875 0.0171875 0.05703125
1 0.83828125 0.321875 0.07109375 0.08203125
1 0.56015625 0.22421875 0.0328125 0.0546875
4 0.628125 0.26796875 0.01484375 0.046875
3 0.63203125 0.2875 0.01953125 0.03671875
4 0.678125 0.265625 0.009375 0.025
3 0.678125 0.2859375 0.01953125 0.02734375
1 0.67421875 0.26015625 0.040625 0.04453125
1 0.27421875 0.3765625 0.12421875 0.05625
3 0.11953125 0.38828125 0.05703125 0.04140625
4 0.10546875 0.35 0.025 0.05390625
4 0.1203125 0.33046875 0.02265625 0.05234375
3 0.15 0.353125 0.03671875 0.03515625
3 0.19296875 0.3578125 0.04375 0.04375
4 0.91796875 0.4390625 0.02109375 0.08671875
3 0.9765625 0.43359375 0.04296875 0.04765625
4 0.14375 0.3171875 0.01640625 0.05234375
4 0.1921875 0.3265625 0.02109375 0.05078125
4 0.2390625 0.3125 0.01953125 0.04921875
4 0.25390625 0.31015625 0.0203125 0.05
3 0.2546875 0.33828125 0.0390625 0.0234375
4 0.88984375 0.30625 0.01328125 0.04140625
4 0.91953125 0.30390625 0.01640625 0.0375
3 0.915625 0.3296875 0.0265625 0.03203125
3 0.9 0.33984375 0.0234375 0.03359375
3 0.88359375 0.32890625 0.02578125 0.034375
4 0.98046875 0.39375 0.02109375 0.059375
3 0.95625 0.32578125 0.03203125 0.03125
4 0.95703125 0.296875 0.01640625 0.04296875
4 0.98203125 0.31171875 0.0171875 0.034375
3 0.97421875 0.33125 0.01875 0.02890625
3 0.36015625 0.35 0.04453125 0.034375
5 0.01875 0.1375 0.03671875 0.08359375
5 0.08984375 0.1375 0.11484375 0.096875
5 0.16875 0.13125 0.04609375 0.07109375
5 0.2203125 0.12109375 0.05546875 0.05
1 0.61640625 0.21875 0.0296875 0.0484375
4 0.29140625 0.31875 0.02109375 0.040625
4 0.359375 0.321875 0.0140625 0.04765625
4 0.35390625 0.31875 0.021875 0.03671875
4 0.4078125 0.32109375 0.01171875 0.028125
4 0.4296875 0.30546875 0.01953125 0.046875