1 0.50625 0.3 0.15625 0.31953125
1 0.440625 0.075 0.1140625 0.15
1 0.5510179578125001 0.00420875 0.6299184921875 0.147075215625 0.7174813906249999 0.1302510140625 0.7009154640624999 0 0.5510179578125001 0.00420875
3 0.0484375 0.0984375 0.09296875 0.10078125
3 0.30078125 0.23203125 0.05703125 0.115625
4 0.2875 0.14375 0.04140625 0.0828125
4 0.30625 0.11484375 0.03671875 0.10703125
3 0.58046875 0.5140625 0.04453125 0.078125
4 0.59140625 0.38203125 0.0515625 0.08046875
3 0.634375 0.34921875 0.04609375 0.08359375
4 0.6359375 0.2609375 0.03515625 0.10390625
3 0.62734375 0.1984375 0.04609375 0.040625
4 0.6328125 0.1359375 0.0359375 0.10625
4 0.58828125 0.44609375 0.03828125 0.10078125
4 0.64296875 0.646875 0.03515625 0.1359375
4 0.6421875 0.58125 0.05390625 0.08125
4 0.69609375 0.92890625 0.06953125 0.11953125
4 0.70234375 0.8328125 0.05234375 0.09609375
1 0.8546875 0.33359375 0.290625 0.41640625
1 0.43671875 0.8109375 0.2796875 0.378125
1 0.06640625 0.42109375 0.1328125 0.4921875