0 1 0.1312497125 0.25277524375 0.268200909375 0.2923520375 0.8548701218750001 1 0.6296839578125 1 0.1312497125
1 0.43125 0.1484375 0.10859375 0.2125
3 0.3390625 0.1328125 0.05859375 0.10625
3 0.50390625 0.11015625 0.06171875 0.1046875
3 0.72421875 0.08515625 0.05546875 0.08828125
3 0.8828125 0.7375 0.165625 0.12421875
3 0.04921875 0.10625 0.0984375 0.109375
4 0.33046875 0.0390625 0.0390625 0.078125
4 0.49609375 0.03984375 0.03515625 0.0796875
4 0.74140625 0.03515625 0.0359375 0.0703125
4 0.8921875 0.6484375 0.0671875 0.1609375
1 0.0671875 0.42578125 0.134375 0.46640625