5 0.43828125 0.5421875 0.415625 0.353125
1 0.4921875 0.35625 0.078125 0.1125
5 0.51015625 0.22109375 0.084375 0.06953125
3 0.6578125 0.36171875 0.01875 0.04375
4 0.6609375 0.33671875 0.01171875 0.02890625
3 0.70234375 0.3671875 0.01953125 0.0375
4 0.70390625 0.34140625 0.021875 0.0203125
4 0.696875 0.3296875 0.01171875 0.0375
3 0.73046875 0.36875 0.01953125 0.0234375
4 0.73125 0.33984375 0.01875 0.040625
3 0.7734375 0.35703125 0.01875 0.040625
4 0.775 0.3328125 0.02109375 0.0375
3 0.79296875 0.2328125 0.03515625 0.0171875
4 0.790625 0.21875 0.01328125 0.0171875
3 0.1921875 0.37890625 0.0296875 0.04921875
4 0.203125 0.3484375 0.0140625 0.034375
5 0.26015625 0.23984375 0.07421875 0.06640625
4 0.90390625 0.2375 0.01328125 0.04375
1 0.9484375 0.22578125 0.07890625 0.0609375