3 0.528125 0.728125 0.08515625 0.059375
4 0.52109375 0.6703125 0.02890625 0.0828125
4 0.71484375 0.9015625 0.0328125 0.103125
4 0.03359375 0.98359375 0.04140625 0.0328125
3 0.1 0.96015625 0.09765625 0.0796875
4 0.0890625 0.9078125 0.0390625 0.115625
3 0.83984375 0.44921875 0.0125 0.05
4 0.83828125 0.40625 0.0171875 0.03984375
3 0.85859375 0.3375 0.01796875 0.02890625
4 0.86015625 0.3125 0.01171875 0.02890625
3 0.8875 0.3453125 0.01640625 0.03828125
4 0.88828125 0.3125 0.0171875 0.04140625
5 0.74453125 0.41328125 0.0703125 0.1421875
1 0.6875 0.25078125 0.0453125 0.0640625
1 0.73828125 0.24375 0.04765625 0.05625
1 0.81796875 0.25625 0.02578125 0.04375
1 0.81484375 0.2234375 0.02421875 0.046875
1 0.77265625 0.1890625 0.02421875 0.04453125
5 0.3296875 0.4140625 0.2375 0.21640625