1 0.48515625 0.53828125 0.30078125 0.2578125
5 0.56953125 0.3671875 0.1515625 0.14140625
3 0.2578125 0.53828125 0.0890625 0.06640625
4 0.24140625 0.47421875 0.03046875 0.0546875
3 0.31328125 0.4296875 0.06171875 0.0578125
4 0.3171875 0.38515625 0.02421875 0.07265625
3 0.12265625 0.5703125 0.1140625 0.08359375
4 0.10625 0.5078125 0.0390625 0.08125
3 0.0484375 0.65703125 0.0875 0.08984375
4 0.02265625 0.5890625 0.040625 0.10390625
1 0.065625 0.32421875 0.1265625 0.13046875
4 0.03359375 0.23984375 0.0421875 0.04375
3 0.68203125 0.47578125 0.053125 0.06953125
4 0.6765625 0.42265625 0.0328125 0.0546875
3 0.70703125 0.37578125 0.0453125 0.0546875
4 0.70390625 0.33828125 0.021875 0.0375
3 0.74765625 0.35859375 0.03203125 0.0546875
4 0.7546875 0.31796875 0.0265625 0.0609375
3 0.78984375 0.32578125 0.02109375 0.04609375
4 0.78984375 0.28828125 0.03125 0.04609375
3 0.7515625 0.25 0.03359375 0.040625
4 0.7515625 0.22265625 0.0296875 0.04375
3 0.61875 0.22890625 0.03203125 0.0375
4 0.61875 0.196875 0.01875 0.02578125
3 0.50234375 0.2765625 0.05234375 0.02890625
4 0.496875 0.25 0.03125 0.02890625
3 0.021875 0.740625 0.04296875 0.10703125
3 0.240625 0.2375 0.03359375 0.0546875
3 0.10546875 0.22578125 0.03046875 0.0546875
1 0.7015625 0.24609375 0.05234375 0.08359375
1 0.6859375 0.18828125 0.05234375 0.04921875
5 0.60234375 0.10546875 0.05625 0.06953125
3 0.49609375 0.36328125 0.0171875 0.040625
4 0.49921875 0.32265625 0.0140625 0.02890625
1 0.01640625 0.49453125 0.03125 0.1015625
1 0.6546875 0.14140625 0.03671875 0.0609375