2 0.41171875 0.67578125 0.746875 0.5265625
1 0.56953125 0.38203125 0.10234375 0.078125
1 0.690625 0.40234375 0.10546875 0.078125
1 0.45 0.37890625 0.10703125 0.0609375
1 0.31953125 0.3734375 0.1 0.04921875
1 0.11484375 0.35703125 0.0953125 0.04609375
1 0.03125 0.45859375 0.0625 0.06328125
1 0.77734375 0.30546875 0.06640625 0.04609375
1 0.965625 0.38046875 0.06796875 0.075
1 0.640625 0.32109375 0.12421875 0.07265625
1 0.515625 0.315625 0.09609375 0.04921875
0 0.3421875 0.3140625 0.2140625 0.121875
3 0.01328125 0.3515625 0.0265625 0.040625
4 0.00859375 0.315625 0.0171875 0.034375
3 0.21640625 0.34453125 0.04609375 0.0375
3 0.17890625 0.3515625 0.03359375 0.034375
4 0.20703125 0.315625 0.025 0.03203125
3 0.046875 0.36875 0.03359375 0.034375
4 0.053125 0.3359375 0.02421875 0.0375
4 0.08984375 0.309375 0.0359375 0.04375
4 0.040625 0.29765625 0.0265625 0.0375
4 0.12890625 0.3109375 0.021875 0.02890625
4 0.16328125 0.3140625 0.025 0.040625
3 0.728125 0.4859375 0.0515625 0.04375
4 0.72890625 0.45390625 0.0296875 0.04375
3 0.7203125 0.31953125 0.0453125 0.034375
4 0.71875 0.29375 0.0234375 0.02890625
5 0.8609375 0.3671875 0.13828125 0.1359375