2 0.35859375 0.5578125 0.25625 0.3828125
2 1 0.7221884375000001 0.8652031687499999 0.6023162390625 0.8652031687499999 0.4151473375 0.800122575 0.3730868859375 0.661678478125 0.5266074828125 0.62499678125 0.6107282921875 1 0.894636225 1 0.7221884375000001
2 0.0625 0.5453125 0.1234375 0.3828125
1 0.08046875 0.34140625 0.1609375 0.125
1 0.1859375 0.42421875 0.14375 0.1015625
3 0.21171875 0.36484375 0.02890625 0.0265625
4 0.24375 0.353125 0.0171875 0.0671875
4 0.23515625 0.353125 0.01484375 0.05390625
4 0.2234375 0.3484375 0.015625 0.05625
1 0.2515625 0.33671875 0.1109375 0.07109375
1 0.56328125 0.44140625 0.109375 0.0875
1 0.6140625 0.39140625 0.11171875 0.07421875
3 0.53671875 0.3515625 0.028125 0.03203125
1 0.5859375 0.35234375 0.0921875 0.03984375
1 0.7640625 0.37265625 0.0859375 0.07421875
4 0.57890625 0.309375 0.01640625 0.04140625
4 0.59765625 0.31640625 0.021875 0.03515625
1 0.66640625 0.321875 0.07109375 0.05
4 0.54609375 0.32421875 0.01875 0.040625
4 0.5453125 0.278125 0.0171875 0.03671875
3 0.6453125 0.28203125 0.021875 0.025
4 0.646875 0.25625 0.02109375 0.025
1 0.665625 0.2421875 0.05859375 0.03359375
1 0.91171875 0.4234375 0.1015625 0.05703125
4 0.875 0.36171875 0.01875 0.03359375
3 0.86953125 0.3828125 0.0234375 0.02890625
4 0.77734375 0.29765625 0.0234375 0.03125
3 0.86328125 0.309375 0.028125 0.025
1 0.921875 0.30625 0.0625 0.04765625
3 0.24453125 0.3828125 0.0265625 0.0375
3 0.27734375 0.365625 0.0421875 0.02578125
3 0.32265625 0.340625 0.0265625 0.04140625
4 0.31328125 0.3046875 0.01484375 0.04609375
4 0.33984375 0.3 0.01171875 0.04765625
3 0.340625 0.32890625 0.03125 0.03125
4 0.35390625 0.29375 0.01171875 0.04296875
3 0.3625 0.31953125 0.02421875 0.0375
4 0.4515625 0.28671875 0.021875 0.03125
3 0.54375 0.3046875 0.021875 0.02578125
3 0.77265625 0.31640625 0.02109375 0.01875
4 0.42109375 0.29296875 0.021875 0.03203125
4 0.5078125 0.27265625 0.01953125 0.03515625
4 0.69296875 0.28359375 0.01796875 0.034375
4 0.93125 0.375 0.021875 0.040625
3 0.990625 0.325 0.01875 0.05