2 0.175 0.490625 0.34921875 0.253125
2 0.04609375 0.24140625 0.0875 0.0953125
2 0.2484375 0.23515625 0.15546875 0.1203125
2 0.45390625 0.23671875 0.23203125 0.08671875
1 0.51796875 0.4609375 0.1296875 0.0859375
1 0.65390625 0.4046875 0.08828125 0.06796875
4 0.61953125 0.31875 0.0125 0.04140625
4 0.6578125 0.32265625 0.02578125 0.025
0 0.67890625 0.22578125 0.1109375 0.07109375
2 0.871875 0.23515625 0.25625 0.1078125
2 0.9203125 0.215625 0.159375 0.08828125
5 0.5484375 0.35546875 0.1046875 0.10234375
3 0.61953125 0.35234375 0.01953125 0.03359375
3 0.6546875 0.35 0.0125 0.02890625
3 0.7234375 0.36796875 0.021875 0.03984375
3 0.7671875 0.3640625 0.0140625 0.03125
3 0.83671875 0.3703125 0.02109375 0.034375
4 0.76796875 0.33046875 0.02265625 0.034375
4 0.8421875 0.334375 0.0171875 0.04375