1 0.7359375 0.45625 0.11484375 0.2125
1 0.69375 0.784375 0.30625 0.396875
3 0.76640625 0.76484375 0.11875 0.14375
3 0.0140625 0.5296875 0.02734375 0.07265625
3 0.02109375 0.46953125 0.0421875 0.0890625
3 0.634375 0.378125 0.02890625 0.0609375
3 0.9140625 0.85390625 0.10859375 0.16484375
4 0.58046875 0.3265625 0.028125 0.1015625
4 0.6390625 0.321875 0.01953125 0.05078125
1 0.64921875 0.22421875 0.0609375 0.11015625
5 0.62421875 0.09375 0.034375 0.065625
5 0.5415291578125 0.6202789656250001 0.6040205640625 0.5740116765625001 0.612352784375 0.43520981562500005 0.532812496875 0.3939814828125 0.4623733921875 0.41115084062499996 0.428003165625 0.525893725 0.5415291578125 0.6202789656250001
1 0.473830134375 0.4222549625 0.5134080562500001 0.4037480484375 0.55298598125 0.4037480484375 0.5425707453124999 0.36118215625 0.4790377515625 0.333421784375 0.3713541625 0.3314814828125 0.3530134296875 0.4426126109375 0.45508275937500003 0.45741812812499993 0.473830134375 0.4222549625
1 0.19453125 0.3453125 0.1859375 0.11640625
4 0.92890625 0.76328125 0.0421875 0.0953125
4 0.9609375 0.79296875 0.04453125 0.09921875