5 0.06015625 0.9453125 0.1171875 0.109375
5 0.37734375 0.24375 0.0734375 0.071875
1 0.29609375 0.2625 0.05390625 0.05703125
5 0.49482845937500003 0.43803966718750004 0.5558606078125 0.43903462812500005 0.564259525 0.42311555937499995 0.5911360796875 0.3823230203125 0.606254115625 0.38331794375 0.606814078125 0.306707528125 0.5849768828124999 0.28979356875 0.54634185 0.293773309375 0.49314870156249996 0.32163163125 0.49482845937500003 0.43803966718750004
5 0.763593884375 0.37834324375 0.75575484375 0.280839090625 0.6997620546875 0.28382390625 0.6777458984375 0.307629346875 0.6745653 0.43008015000000005 0.70200181875 0.451968846875 0.7439964078125 0.43903462812500005 0.763593884375 0.37834324375
1 0.5614598843749999 0.4629131765625 0.5737783234375 0.5156450109375 0.6852039828125001 0.48181705937499997 0.68464401875 0.467887878125 0.68184438125 0.43207003750000006 0.670645821875 0.424110525 0.64694563125 0.41216359062499996 0.58161728125 0.414161121875 0.56481944375 0.436049778125 0.5614598843749999 0.4629131765625
1 0.641529675 0.3892876109375 0.6504884703125 0.40122686406249997 0.662246990625 0.40719652812499996 0.6745653859375 0.393267346875 0.675685225 0.33556081249999997 0.6533858140625 0.336251815625 0.6409696265625 0.3504849203125 0.6342505953125 0.38530783281250003 0.641529675 0.3892876109375
4 0.61953125 0.31796875 0.0125 0.03125
4 0.65390625 0.321875 0.0140625 0.03125
4 0.83984375 0.3359375 0.01796875 0.03671875
1 0.87265625 0.24375 0.0765625 0.05859375
1 0.5625 0.27421875 0.0671875 0.05
2 0.61796875 0.2265625 0.190625 0.10625
1 0.6034544765625001 0.414161121875 0.6342505093749999 0.414161121875 0.6493685453125 0.41714593437499997 0.6510483453125 0.4022218265625 0.64208955 0.3882926453125 0.6264115546875 0.38033313125 0.5911360796875 0.3793382046875 0.5860451 0.3847855734375 0.5681790453125 0.40719652812499996 0.56537940625 0.4410244796875 0.5810573609375 0.41913582343750005 0.6034544765625001 0.414161121875