2 0.843459715625 0.7037563234374999 0.464852165625 0.5396707468749999 0.2975478 0.39392414531250003 0.2388826453125 0.39006331250000004 0.19977253281250001 0.4209500140625 0.1954269703125 0.6024093500000001 0.381743171875 0.64101771875 0.5001599 0.6998955062500001 0.584898459375 0.7664949234375 0.7573192515625 0.8730962609375 0.8005472703125 0.8552942187499999 0.8418301093749999 0.7664949234375 0.843459715625 0.7037563234374999
1 0.39140625 0.740625 0.22734375 0.18828125
1 0.71328125 0.41640625 0.10546875 0.0890625
1 0.471875 0.37578125 0.10703125 0.08984375
0 0.41474524375 0.3639572640625 0.45711450156250005 0.3321053640625 0.500570175 0.3321053640625 0.4994838 0.2577842640625 0.35597807656249997 0.2658404265625 0.34467293906249996 0.3340357921875 0.3571664625 0.364922496875 0.41474524375 0.3639572640625
2 0.052944248437499994 0.5705574515625 0.0008149046874999999 0.5688647125 0 0.68541736875 0.050228267187499995 0.6786608953125 0.052944248437499994 0.5705574515625
1 0.96953125 0.41640625 0.0609375 0.05390625
3 0.70234375 0.51015625 0.021875 0.05546875
3 0.56953125 0.51796875 0.021875 0.0671875
3 0.6265625 0.54375 0.0265625 0.0625
4 0.5921875 0.48125 0.01328125 0.06171875
4 0.58046875 0.475 0.01875 0.034375
4 0.7125 0.46640625 0.01953125 0.03984375
1 0.7984375 0.38359375 0.08828125 0.0734375
1 0.87421875 0.325 0.0640625 0.046875
4 0.63515625 0.49765625 0.02109375 0.03203125
3 0.33515625 0.38125 0.04375 0.04921875
4 0.33828125 0.359375 0.01171875 0.0390625