5 0.121875 0.7515625 0.1828125 0.25703125
1 0.0921875 0.54296875 0.14375 0.1109375
1 0.62734375 0.45625 0.109375 0.0703125
1 0.61171875 0.40625 0.07109375 0.05234375
2 0.0375 0.22734375 0.075 0.0859375
0 0.61328125 0.23359375 0.10390625 0.06484375
5 0.55078125 0.34453125 0.1171875 0.10703125
5 0.53046875 0.25234375 0.07578125 0.0734375
1 0.659375 0.36953125 0.0359375 0.06171875
5 0.72109375 0.36484375 0.08046875 0.121875
5 0.903125 0.53671875 0.19375 0.2328125
4 0.62265625 0.31875 0.01328125 0.04140625
3 0.62265625 0.34453125 0.0234375 0.03125
4 0.6546875 0.31875 0.009375 0.03671875
4 0.69921875 0.22265625 0.0125 0.02734375
3 0.69453125 0.2328125 0.0171875 0.015625
3 0.765625 0.365625 0.0171875 0.03515625
3 0.83671875 0.3703125 0.021875 0.03828125
3 0.190625 0.38203125 0.01875 0.04921875
4 0.765625 0.33046875 0.021875 0.034375
4 0.83828125 0.3359375 0.01953125 0.040625