1 0.41875 0.425 0.1984375 0.159375
1 0.07578125 0.4640625 0.15 0.15078125
5 0.36640625 0.803125 0.728125 0.39375
3 0.6453125 0.46875 0.05859375 0.0546875
4 0.64375 0.40625 0.0359375 0.04609375
4 0.53203125 0.49609375 0.02421875 0.0578125
3 0.5578125 0.5671875 0.078125 0.0609375
4 0.55625 0.50234375 0.0375 0.06953125
3 0.753125 0.34296875 0.03828125 0.04609375
4 0.75859375 0.29765625 0.02109375 0.0546875
3 0.7859375 0.315625 0.0328125 0.04375
4 0.7875 0.28359375 0.0234375 0.04375
3 0.74765625 0.2765625 0.04140625 0.04609375
4 0.75 0.253125 0.025 0.0578125
4 0.72734375 0.1953125 0.02109375 0.034375
3 0.6515625 0.21015625 0.0328125 0.04609375
3 0.57578125 0.1921875 0.0265625 0.04609375
3 0.59453125 0.18828125 0.0296875 0.0375
3 0.61796875 0.1921875 0.0296875 0.05234375
4 0.65234375 0.190625 0.0234375 0.0375
4 0.57421875 0.16796875 0.0171875 0.02578125
4 0.59609375 0.16953125 0.015625 0.02890625
4 0.6140625 0.16484375 0.015625 0.03203125
1 0.69609375 0.24453125 0.0515625 0.08125
3 0.709375 0.17109375 0.02109375 0.02578125
4 0.70703125 0.153125 0.01796875 0.03203125
5 0.67265625 0.14765625 0.053125 0.078125
4 0.31015625 0.22890625 0.02734375 0.07265625
3 0.234375 0.2375 0.0359375 0.0609375
3 0.08671875 0.22265625 0.02265625 0.04921875
3 0.10625 0.22734375 0.028125 0.0578125