1 0.03046875 0.86953125 0.0609375 0.08671875
1 0.79140625 0.4109375 0.05859375 0.08828125
5 0.715625 0.365625 0.0703125 0.12421875
4 0.7703125 0.328125 0.01640625 0.0484375
3 0.76953125 0.3515625 0.028125 0.0390625
3 0.840625 0.3671875 0.021875 0.0375
1 0.834375 0.2359375 0.065625 0.03984375
4 0.83671875 0.33515625 0.025 0.0375
4 0.9171875 0.22421875 0.01171875 0.0296875
3 0.9140625 0.24609375 0.01953125 0.02265625
1 0.62578125 0.45546875 0.1171875 0.07578125
1 0.6109375 0.3984375 0.0703125 0.04296875
5 0.5484375 0.353125 0.10234375 0.10390625
3 0.621875 0.3484375 0.0203125 0.0375
3 0.1921875 0.38046875 0.025 0.05234375
1 0.2921875 0.36796875 0.0515625 0.0828125
1 0.66328125 0.37578125 0.0390625 0.0796875
0 0.38828125 0.32578125 0.11953125 0.1125
0 0.5203125 0.23515625 0.10703125 0.06171875
5 0.9046875 0.74140625 0.190625 0.3078125
4 0.621875 0.321875 0.0171875 0.0359375
4 0.659375 0.321875 0.01796875 0.0359375
5 0.70703125 0.23125 0.10703125 0.07421875