5 0.1832465875 0.29596128125 0.20303546875 0.2885584859375 0.25198711875 0.2663501734375 0.357180971875 0.29040915 0.3623885890625 0.3181695203125 0.448835065625 0.3163188578125 0.451959590625 0.127548315625 0.1769973828125 0.133100409375 0.1749143671875 0.1516073265625 0.1769973828125 0.1978746109375 0.1096354125 0.20416667031250002 0.11450597656249999 0.364436809375 0.1634576265625 0.3662875421875 0.1832465875 0.29596128125
5 0.36759620625 0.29040915 0.2509456109375 0.262648778125 0.20303546875 0.2867078234375 0.19678634374999998 0.303364003125 0.1769973828125 0.303364003125 0.1644991328125 0.3385271703125 0.16137453125 0.41810688906250004 0.1874126171875 0.4514193234375 0.2738590953125 0.49953734375 0.322810665625 0.4865824890625 0.36759620625 0.44031520156250004 0.36759620625 0.29040915
1 0.8796875 0.8 0.240625 0.4
1 0.6625 0.25 0.059375 0.11484375
3 0.64453125 0.6171875 0.040625 0.1125
4 0.64609375 0.5359375 0.0296875 0.053125
3 0.39609375 0.52421875 0.0390625 0.084375
4 0.3953125 0.46171875 0.03203125 0.0796875
3 0.71171875 0.78984375 0.05 0.1421875
4 0.7140625 0.6921875 0.034375 0.06953125
4 0.70546875 0.6578125 0.03515625 0.06875
3 0.8171875 0.39140625 0.04453125 0.07890625
3 0.05078125 0.2921875 0.0609375 0.06328125
4 0.053125 0.2625 0.025 0.06640625
3 0.06015625 0.5234375 0.090625 0.07421875
4 0.04765625 0.4734375 0.01953125 0.075