5 0.0390625 0.15859375 0.06328125 0.05
2 0.07265625 0.1390625 0.115625 0.06796875
1 0.153125 0.15625 0.04296875 0.02578125
1 0.03984375 0.3828125 0.0796875 0.084375
3 0.1328125 0.38046875 0.0328125 0.03359375
1 0.18359375 0.38515625 0.09296875 0.06796875
0 0.38090251406250003 0.6590937390625 0.4400666203125 0.707463159375 0.5938934312499999 0.5623547078125 0.5998098109375001 0.43827653125 0.5279355703124999 0.3987794578125 0.5323626859374999 0.394113090625 0.3868188921875 0.49085202499999997 0.38090251406250003 0.6590937390625
4 0.59609375 0.64453125 0.02890625 0.08671875
4 0.59765625 0.54453125 0.02265625 0.05859375
3 0.5984375 0.41015625 0.02109375 0.04140625
4 0.5953125 0.3640625 0.02109375 0.0453125
3 0.59140625 0.3453125 0.03359375 0.0375
4 0.6125 0.54609375 0.01484375 0.0609375
3 0.63515625 0.41328125 0.0234375 0.03515625
4 0.6359375 0.37578125 0.0171875 0.03515625
4 0.62578125 0.346875 0.0140625 0.0421875
0 0.6636375484375 0.3827193125 0.7050524125 0.3469680171875 0.7050524125 0.2565380484375 0.6682054578125001 0.2441077390625 0.635238759375 0.2754652390625 0.631688909375 0.35538006875 0.6636375484375 0.3827193125
2 0.15390625 0.1109375 0.0296875 0.05546875
5 0.19140625 0.13046875 0.0375 0.05
3 0.44375 0.96875 0.06875 0.0625
3 0.09140625 0.3515625 0.0390625 0.0375
3 0.2484375 0.37109375 0.034375 0.03671875
3 0.27265625 0.3640625 0.03359375 0.0375
4 0.20234375 0.32421875 0.02578125 0.04609375
4 0.2359375 0.328125 0.02265625 0.04609375
4 0.26953125 0.3265625 0.0125 0.03203125
4 0.2609375 0.32421875 0.0125 0.04609375
4 0.28359375 0.31875 0.009375 0.0484375
3 0.29296875 0.3484375 0.034375 0.03125
3 0.3375 0.340625 0.03125 0.02890625
3 0.36640625 0.35859375 0.04296875 0.02734375
3 0.62578125 0.8890625 0.03984375 0.071875
3 0.321668759375 0.9379168609375 0.30273630625000003 0.883238378125 0.211623453125 0.9989045031250001 0.2483052578125 1 0.321668759375 0.9379168609375
3 0.3630837328125 0.8874443578125 0.4127816125 0.799117475 0.3926778140625 0.756085996875 0.33350162499999997 0.8306627875 0.3630837328125 0.8874443578125
3 0.2359375 0.75078125 0.0578125 0.05390625
4 0.23046875 0.6859375 0.040625 0.0828125
4 0.26015625 0.62421875 0.02578125 0.071875
3 0.2703125 0.65859375 0.05546875 0.04140625
4 0.45078125 0.890625 0.03046875 0.10703125
3 0.49140625 0.78125 0.04140625 0.0703125
4 0.3734375 0.75859375 0.04296875 0.0890625
3 0.45703125 0.73203125 0.03671875 0.05390625
4 0.48046875 0.7046875 0.0328125 0.0875
4 0.50390625 0.70546875 0.0375 0.0828125
3 0.559375 0.64765625 0.0265625 0.05
4 0.575 0.5703125 0.0265625 0.078125
3 0.6109375 0.596875 0.04609375 0.04296875
3 0.6921875 0.56796875 0.03359375 0.0671875
3 0.646875 0.49765625 0.01953125 0.0515625
4 0.6546875 0.44921875 0.01875 0.04375
3 0.6796875 0.4703125 0.0265625 0.03046875
4 0.7 0.4890625 0.0171875 0.0484375
3 0.72421875 0.4796875 0.0265625 0.04140625
4 0.34140625 0.3109375 0.0171875 0.03359375
4 0.36640625 0.33046875 0.0171875 0.040625
3 0.39609375 0.33359375 0.03359375 0.03125
3 0.42890625 0.3453125 0.03671875 0.03203125
3 0.4703125 0.3515625 0.03359375 0.025
3 0.5046875 0.34921875 0.03125 0.03359375
3 0.5453125 0.35703125 0.03515625 0.034375
3 0.66015625 0.4125 0.01875 0.03359375
4 0.684375 0.42890625 0.02265625 0.04296875
4 0.66640625 0.36875 0.0140625 0.053125
3 0.703125 0.3921875 0.01640625 0.03125
4 0.73046875 0.4421875 0.021875 0.03671875
3 0.75703125 0.403125 0.01875 0.03984375
3 0.778125 0.42421875 0.02734375 0.03828125
4 0.6828125 0.3484375 0.01171875 0.03828125
4 0.6984375 0.3609375 0.0109375 0.03828125
4 0.70859375 0.3609375 0.0125 0.03125
3 0.73359375 0.375 0.0234375 0.028125
3 0.928125 0.40625 0.034375 0.03359375
4 0.86953125 0.3578125 0.021875 0.0453125
4 0.91640625 0.31796875 0.01328125 0.03359375
3 0.9140625 0.3390625 0.01953125 0.025
4 0.72265625 0.303125 0.0140625 0.0421875
3 0.7203125 0.32265625 0.021875 0.02421875
4 0.740625 0.346875 0.02109375 0.02890625
3 0.75703125 0.33984375 0.02578125 0.02734375
4 0.96171875 0.3984375 0.01484375 0.04375
3 0.96640625 0.42421875 0.03125 0.03125
3 0.98515625 0.4375 0.0265625 0.04609375
4 0.9421875 0.38203125 0.015625 0.0484375
3 0.95625 0.38203125 0.0140625 0.04296875
3 0.9703125 0.35625 0.02109375 0.028125
4 0.01484375 0.32109375 0.0171875 0.03984375
4 0.02890625 0.31953125 0.0171875 0.04296875
4 0.08984375 0.321875 0.021875 0.0421875
4 0.13046875 0.353125 0.021875 0.034375
4 0.16328125 0.334375 0.01953125 0.0421875
4 0.178125 0.32265625 0.01484375 0.04375
4 0.39765625 0.2953125 0.01640625 0.03203125
4 0.434375 0.31171875 0.02578125 0.040625
4 0.46484375 0.315625 0.0234375 0.0421875
4 0.49140625 0.31484375 0.02578125 0.03984375
4 0.503125 0.296875 0.01484375 0.04921875
4 0.5546875 0.3171875 0.021875 0.0390625
4 0.55 0.30234375 0.00234375 0.009375
4 0.59296875 0.3078125 0.0203125 0.03203125
4 0.3328125 0.63125 0.02890625 0.0921875
4 0.2765625 0.8984375 0.05859375 0.08359375
4 0.634375 0.80703125 0.03515625 0.08125
4 0.6203125 0.825 0.028125 0.1078125
4 0.78671875 0.3921875 0.01953125 0.03671875
4 0.7546875 0.309375 0.01953125 0.02890625
4 0.775 0.3 0.01875 0.0359375
4 0.79609375 0.27890625 0.0171875 0.02578125
4 0.971875 0.33203125 0.0140625 0.025
4 0.9875 0.3953125 0.0171875 0.05