5 0.9950263265625001 0.68432999375 0.91692965625 0.6149302984375 0.780852090625 0.69063905625 0.7782906828125 0.68602693125 0.712221646875 0.8399534828125 0.8305499703124999 1 0.9938431171875 0.9934740828124999 0.9950263265625001 0.68432999375
5 0 0.5203431703125 0.001596571875 0.77270569375 0.06312731875000001 0.682275725 0 0.5203431703125
5 0.713932828125 0.4299132015625 0.5683890359375 0.32476221562499996 0.4988281453125 0.334825775 0.4782196609375 0.41140571875000004 0.4630768953125 0.5392703609375 0.6062541593749999 0.7495724312500001 0.702100071875 0.6927908640625 0.713932828125 0.4299132015625
4 0.0140625 0.4609375 0.028125 0.075
4 0.0234375 0.41953125 0.025 0.0671875
5 0.087976259375 0.3836467703125 0.0749600765625 0.2869078375 0.0041429562500000005 0.28514309375 0 0.3857497609375 0.069043696875 0.37523471875 0.087976259375 0.3836467703125
1 0.35303158749999997 0.48459178124999996 0.4050959984375 0.45935552812499997 0.39562977187500004 0.3731316359375 0.2740293203125 0.3293350140625 0.213404171875 0.35630753125000003 0.214587490625 0.43201628750000004 0.35303158749999997 0.48459178124999996
1 0.9091745046874999 0.5792277296874999 0.8405441671875 0.4236041390625 0.7534327281250001 0.414562284375 0.73878176875 0.509828034375 0.8133285890625 0.659142559375 0.9008915953125 0.6486274203125 0.9091745046874999 0.5792277296874999
4 0.49296875 0.2546875 0.02578125 0.03984375
3 0.57109375 0.221875 0.01171875 0.0375
4 0.575 0.196875 0.01640625 0.0375
4 0.60078125 0.1625 0.0140625 0.0515625
3 0.60078125 0.19140625 0.028125 0.02734375
1 0.6 0.12109375 0.0296875 0.0578125
3 0.34609375 0.73984375 0.1015625 0.103125
3 0.02890625 0.85234375 0.05703125 0.11796875
3 0.22734375 0.77734375 0.10625 0.1
3 0.2140625 0.6765625 0.1171875 0.0828125
3 0.034375 0.515625 0.06015625 0.06875
3 0.34765625 0.58984375 0.08671875 0.084375
3 0.74375 0.6859375 0.07265625 0.0890625
3 0.8875 0.3609375 0.0296875 0.0578125
4 0.34765625 0.6640625 0.0265625 0.1078125
4 0.33984375 0.5296875 0.03203125 0.0859375
3 0.428125 0.4140625 0.053125 0.06171875
3 0.40078125 0.3640625 0.03984375 0.04375
4 0.4109375 0.340625 0.01875 0.0734375
4 0.42578125 0.37578125 0.01953125 0.06171875
3 0.49296875 0.2921875 0.034375 0.03125
4 0.1421875 0.4546875 0.03125 0.0859375
3 0.165625 0.30625 0.05625 0.04140625
4 0.3 0.253125 0.0203125 0.06796875
3 0.296875 0.28203125 0.04609375 0.03125
3 0.3390625 0.303125 0.05625 0.04375
3 0.125 0.60234375 0.1 0.06640625
4 0.20390625 0.60546875 0.03359375 0.0984375
3 0.2078125 0.5609375 0.09140625 0.0796875
3 0.10625 0.53984375 0.0765625 0.04140625
4 0.11640625 0.53515625 0.0328125 0.08359375
4 0.09921875 0.48671875 0.02734375 0.0875
3 0.14921875 0.50078125 0.0640625 0.05625
4 0.1953125 0.5078125 0.02421875 0.0796875
3 0.2421875 0.5171875 0.07109375 0.06015625
4 0.21875 0.69453125 0.034375 0.13125
4 0.04609375 0.4171875 0.02265625 0.0921875
4 0.2140625 0.465625 0.0265625 0.0640625
4 0.171875 0.26171875 0.01953125 0.0546875
4 0.33671875 0.25859375 0.02265625 0.0484375
4 0.75234375 0.615625 0.01875 0.1046875
4 0.77421875 0.62890625 0.028125 0.10703125