1 0.81796875 0.71484375 0.16328125 0.38671875
1 0.9640625 0.88671875 0.071875 0.2265625
5 0 0.9877286140624999 0.6760520078125001 0.978077621875 0.6304950953125 0.7850565203125 0.5068406171875 0.6345001078125 0.131538396875 0.5109665828125001 0 0.47236243437500003 0 0.9877286140624999
4 0.0296875 0.4171875 0.0296875 0.0796875
1 0.01796875 0.35546875 0.0359375 0.10625
1 0.271875 0.30625 0.15703125 0.0890625
1 0.5046875 0.27890625 0.10625 0.1125
3 0.65625 0.7703125 0.0484375 0.12578125
3 0.4921875 0.51640625 0.053125 0.08125
3 0.5671875 0.59375 0.0296875 0.1203125
3 0.921875 0.3859375 0.06171875 0.05234375
3 0.64375 0.24921875 0.02109375 0.05234375
3 0.82734375 0.30234375 0.02265625 0.0453125
3 0.06015625 0.48359375 0.10234375 0.0625
3 0.1078125 0.4171875 0.07109375 0.05625
3 0.39140625 0.30390625 0.0515625 0.04375
4 0.10625 0.3703125 0.02890625 0.06796875
4 0.4875 0.46015625 0.03046875 0.08515625
4 0.57734375 0.525 0.03046875 0.0875
4 0.66015625 0.64375 0.03671875 0.1046875
3 0.57109375 0.21796875 0.02265625 0.0453125
1 0.60859375 0.2046875 0.0375 0.0765625
4 0.64140625 0.221875 0.01953125 0.053125
4 0.92109375 0.35234375 0.028125 0.065625
4 0.5703125 0.19140625 0.0140625 0.0328125
4 0.39375 0.26015625 0.02578125 0.04296875
4 0.8265625 0.26796875 0.02109375 0.0546875