5 0.8664859546875 0.29596128125 0.7528645796875 0.40092592656250003 0.741503140625 0.6050267015624999 0.9998009890624999 0.9788663921874999 1 0.3662875421875 0.8664859546875 0.29596128125
2 0.4540426828125 0.1386525421875 0.3049479125 0.15324074375000002 0.304063290625 0.3903465171875 0.671721021875 0.4865824890625 0.699842203125 0.1812183609375 0.4540426828125 0.1386525421875
5 0.8862748359375001 0.99922396875 0.7217141796875 0.8030507015625 0.489843746875 0.9518518546875001 0.47903918437500004 0.9640609437500001 0.511326475 1 0.8862748359375001 0.99922396875
1 0 0.38849585468750003 0.1186720859375 0.399599975 0.1228381953125 0.3052147390625 0 0.3037037046875 0 0.38849585468750003
1 0 0.3126174625 0.04889000625 0.303364003125 0.0509730625 0.2404405375 0 0.2388888921875 0 0.3126174625
4 0.33046875 0.57109375 0.04921875 0.1640625
3 0.3375 0.60234375 0.1015625 0.0875
3 0.05859375 0.6203125 0.103125 0.1140625
4 0.02734375 0.5515625 0.02421875 0.09140625
4 0.05078125 0.5625 0.03046875 0.1109375
4 0.33046875 0.4609375 0.028125 0.06953125
3 0.40859375 0.53671875 0.0796875 0.09609375
4 0.37734375 0.49140625 0.025 0.07890625
4 0.41015625 0.4921875 0.02890625 0.08125
4 0.0109375 0.421875 0.021875 0.07265625
4 0.034375 0.4375 0.0234375 0.07578125
3 0.7140625 0.3953125 0.04296875 0.071875
4 0.71875 0.35078125 0.0203125 0.053125
4 0.75703125 0.35234375 0.02421875 0.0421875
4 0.709375 0.30234375 0.0203125 0.04296875