1 0.08125 0.50078125 0.16171875 0.17265625
5 0.5515625 0.35625 0.19609375 0.19296875
3 0.575 0.21953125 0.01875 0.03984375
3 0.60390625 0.18203125 0.01328125 0.03984375
3 0.671875 0.2171875 0.01875 0.040625
1 0.66875 0.18828125 0.0296875 0.07109375
1 0.71171875 0.25625 0.05546875 0.0953125
3 0.07109375 0.29921875 0.06328125 0.046875
3 0.68359375 0.47265625 0.040625 0.059375
4 0.6796875 0.421875 0.02265625 0.05234375
3 0.72421875 0.3484375 0.02734375 0.04375
3 0.77734375 0.36796875 0.01875 0.04609375
4 0.72890625 0.31015625 0.01875 0.04375
4 0.778125 0.3109375 0.02421875 0.05078125
3 0.78125 0.303125 0.0234375 0.04140625
4 0.76171875 0.2078125 0.01953125 0.0546875
3 0.75703125 0.23984375 0.02421875 0.02890625
4 0.67421875 0.1875 0.01171875 0.03203125
3 0.6859375 0.19765625 0.003125 0.0078125
4 0.06953125 0.2609375 0.028125 0.04609375
4 0.78125 0.2609375 0.0171875 0.03359375
4 0.72265625 0.18359375 0.02109375 0.03515625
4 0.60078125 0.1515625 0.01484375 0.02890625
4 0.61015625 0.1453125 0.01484375 0.02890625
5 0.6390625 0.11171875 0.03359375 0.1015625
5 0.5859375 0.0765625 0.02734375 0.07578125