3 0.784375 0.9203125 0.146875 0.159375
4 0.7984375 0.78984375 0.05859375 0.1625
4 0.378125 0.85 0.0625 0.165625
3 0.3734375 0.96171875 0.07421875 0.0765625
0 0.82265625 0.3921875 0.3546875 0.55
3 0.93125 0.0734375 0.11875 0.1375
1 0.06953125 0.425 0.1390625 0.4546875
4 0.36015625 0.15 0.05390625 0.1328125
3 0.25859375 0.47421875 0.07109375 0.13203125
4 0.26015625 0.37265625 0.04296875 0.13828125
3 0.7734375 0.0953125 0.03125 0.06484375
4 0.81484375 0.08515625 0.0375 0.0953125
3 0.36171875 0.25703125 0.059375 0.10078125
3 0.603125 0.12421875 0.07265625 0.140625
3 0.4234375 0.03359375 0.0546875 0.06640625
3 0.0484375 0.10625 0.08828125 0.090625
3 0.08515625 0.08671875 0.065625 0.0703125