1 0.721875 0.60078125 0.22421875 0.190625
1 0.26171875 0.83671875 0.4609375 0.3265625
3 0.1828125 0.76875 0.1484375 0.14296875
4 0.1921875 0.68125 0.04453125 0.1296875
3 0.91015625 0.71171875 0.08984375 0.11640625
4 0.928125 0.62578125 0.0359375 0.0921875
3 0.6265625 0.76875 0.10078125 0.146875
4 0.6421875 0.71484375 0.03828125 0.11796875
3 0.540625 0.5828125 0.090625 0.09609375
1 0.45078125 0.421875 0.23203125 0.20390625
4 0.54765625 0.5078125 0.02421875 0.08359375
3 0.74609375 0.81953125 0.10625 0.1375
4 0.76640625 0.7234375 0.03515625 0.1265625
4 0.79375 0.72890625 0.0296875 0.1375
3 0.14921875 0.63828125 0.16796875 0.1265625
4 0.15625 0.56953125 0.04609375 0.10078125
3 0.0796875 0.4015625 0.0890625 0.0890625
4 0.08828125 0.35 0.03046875 0.05546875
3 0.35625 0.52890625 0.0796875 0.10390625
4 0.3515625 0.465625 0.02109375 0.07890625