3 0.56875 0.71484375 0.0640625 0.08125
4 0.5625 0.65078125 0.03828125 0.06953125
4 0.59453125 0.8953125 0.0515625 0.1015625
3 0.69453125 0.50078125 0.0359375 0.05234375
4 0.690625 0.44296875 0.03203125 0.05234375
3 0.88046875 0.49765625 0.0421875 0.05234375
4 0.88046875 0.446875 0.03203125 0.078125
3 0.753125 0.37734375 0.05 0.04921875
4 0.753125 0.328125 0.0234375 0.04921875
3 0.81171875 0.44140625 0.053125 0.06640625
4 0.8140625 0.39765625 0.0421875 0.04921875
4 0.81953125 0.33984375 0.03359375 0.0375
3 0.80859375 0.30703125 0.04296875 0.040625
4 0.8140625 0.2734375 0.025 0.02578125
3 0.7953125 0.2546875 0.02734375 0.02890625
4 0.796875 0.23125 0.0375 0.034375
4 0.8046875 0.18046875 0.03828125 0.03203125
3 0.82890625 0.2390625 0.021875 0.03203125
4 0.83515625 0.215625 0.021875 0.03203125
3 0.86015625 0.26328125 0.03125 0.040625
4 0.8609375 0.2390625 0.0140625 0.0203125
4 0.84140625 0.17109375 0.0265625 0.034375
2 0.48203125 0.38359375 0.29140625 0.4140625
2 0.5203125 0.190625 0.2296875 0.15078125
2 0.1046875 0.28515625 0.209375 0.22890625
5 0.096875 0.1578125 0.18671875 0.10703125
5 0.025 0.37890625 0.05 0.14453125
1 0.80546875 0.14296875 0.03671875 0.04921875