5 0.699205571875 0.9976800625 0.715771496875 0.7936870515625001 0.34860318281249997 0.537668346875 0.2235258546875 0.6654028015625 0.25547449218749996 0.8841169265625 0.473198578125 0.9955771671875 0.699205571875 0.9976800625
5 0.08984375 0.47578125 0.1796875 0.18046875
4 0.5484375 0.42578125 0.0265625 0.0671875
4 0.609375 0.359375 0.028125 0.0609375
4 0.59609375 0.37109375 0.021875 0.05859375
4 0.56875 0.33203125 0.021875 0.05625
3 0.6234375 0.33125 0.02578125 0.05390625
5 0.68984375 0.3171875 0.06796875 0.10234375
3 0.4125 0.453125 0.07421875 0.05859375
3 0.54609375 0.46875 0.06484375 0.06875
3 0.78515625 0.4734375 0.03828125 0.05234375
3 0.60859375 0.415625 0.0484375 0.05703125
3 0.56796875 0.37578125 0.040625 0.05390625
3 0.56953125 0.215625 0.01953125 0.0375
4 0.62578125 0.28203125 0.021875 0.04375
4 0.64921875 0.19609375 0.0171875 0.046875
3 0.6484375 0.22890625 0.02109375 0.03125
3 0.71328125 0.2203125 0.021875 0.053125
3 0.74140625 0.25234375 0.01484375 0.03515625
4 0.4015625 0.396875 0.03203125 0.065625
4 0.5703125 0.19140625 0.0171875 0.02734375
3 0.67578125 0.203125 0.021875 0.0375
4 0.73984375 0.22734375 0.0125 0.03515625
4 0.6734375 0.16640625 0.02109375 0.03984375
4 0.71953125 0.184375 0.01796875 0.03203125
4 0.78671875 0.41640625 0.03125 0.0734375