5 0.04453125 0.30859375 0.0890625 0.153125
5 0.3769699328125 0.46622484062499997 0.5592365375 0.610578971875 0.6540151546875 0.6438912640625001 0.7217141796875 0.5735651421875 0.7404616328125 0.37924239531250004 0.4638020796875 0.2486123015625 0.4259215046875 0.268200909375 0.38738516875 0.29225988593749996 0.3769699328125 0.46622484062499997
3 0.42265625 0.61953125 0.0765625 0.13125
4 0.4203125 0.55859375 0.03359375 0.11171875
3 0.2515625 0.36484375 0.0578125 0.07109375
4 0.253125 0.3234375 0.01875 0.053125
3 0.34765625 0.29765625 0.05234375 0.0625
4 0.34921875 0.26796875 0.02421875 0.05859375
3 0.11484375 0.29609375 0.06015625 0.0546875
4 0.1171875 0.26328125 0.0234375 0.05390625
3 0.94375 0.50078125 0.05 0.09375
4 0.96171875 0.45703125 0.02890625 0.084375
3 0.27265625 0.509375 0.0609375 0.0875
3 0.16796875 0.39140625 0.06640625 0.0640625