2 1 0.8049014375000001 0.5165340921875 0.5643115453124999 0.5123679828125 0.4014506390625 0.4872395796875 0.39629629843749997 0.4019665109375 0.4236589515625 0.343641134375 0.4865824890625 0.3405166140625 0.5309990421874999 0.2863573453125 0.5569088921875001 0.2738590953125 0.57541580625 0.2696929859375 0.66054744375 0.274900603125 0.69941200625 0.61547881875 0.7919465828125001 0.9352265671875 1 1 0.99922396875 1 0.8049014375000001
1 0.5203125 0.909375 0.3265625 0.18046875
1 0.07890625 0.925 0.1578125 0.15
1 0.1015625 0.64375 0.203125 0.2078125
3 0.23515625 0.76171875 0.03515625 0.1015625
4 0.23046875 0.665625 0.03515625 0.075
4 0.1609375 0.76640625 0.03046875 0.08828125
3 0.146875 0.85234375 0.02734375 0.0828125
4 0.0796875 0.78125 0.034375 0.065625
3 0.49296875 0.3421875 0.03828125 0.03515625
4 0.48828125 0.315625 0.01015625 0.034375
3 0.36796875 0.35703125 0.0390625 0.03671875
4 0.36328125 0.33046875 0.01484375 0.0296875
3 0.29609375 0.36484375 0.0421875 0.03828125
4 0.24609375 0.34140625 0.01171875 0.03984375
4 0.29296875 0.3359375 0.01484375 0.034375
3 0.7125 0.4921875 0.02734375 0.0578125
4 0.72421875 0.4515625 0.01328125 0.03828125
4 0.77890625 0.50234375 0.0203125 0.06875