1 0.89140625 0.75859375 0.2171875 0.39609375
1 0.7046875 0.378125 0.09296875 0.13515625
1 0.46875 0.321875 0.11171875 0.11484375
1 0.540625 0.2765625 0.07578125 0.09375
5 0.21136768906249997 0.4125548296875 0.33739200937499997 0.506940065625 0.4134232546875 0.46807557343750006 0.4134232546875 0.2867078234375 0.29885567343749997 0.2367391390625 0.2321981578125 0.2589474515625 0.2259490328125 0.2774543640625 0.212499996875 0.28287037187499997 0.207201578125 0.28115569375 0.192620234375 0.323721653125 0.21136768906249997 0.4125548296875
3 0.63984375 0.65703125 0.0296875 0.1328125
4 0.63359375 0.5578125 0.0296875 0.0640625
3 0.07890625 0.76328125 0.12890625 0.1234375
4 0.06171875 0.675 0.0296875 0.08984375
3 0.1296875 0.65625 0.121875 0.0828125
4 0.11328125 0.58203125 0.0390625 0.0796875
3 0.40390625 0.5625 0.06484375 0.1
4 0.4046875 0.49453125 0.028125 0.084375
3 0.70546875 0.87265625 0.08828125 0.18359375
1 0.65859375 0.2625 0.059375 0.103125