5 0.10078125 0.58671875 0.2015625 0.25703125
5 0.3953125 0.5265625 0.44453125 0.34140625
5 0.0203125 0.41171875 0.040625 0.13515625
1 0.59375 0.353125 0.09921875 0.075
3 0.6890625 0.3484375 0.01875 0.034375
4 0.6921875 0.328125 0.01875 0.034375
3 0.7140625 0.353125 0.02421875 0.03203125
4 0.715625 0.3296875 0.0171875 0.04375
3 0.78984375 0.35859375 0.01484375 0.02578125
4 0.7953125 0.32578125 0.0171875 0.02890625
3 0.8171875 0.35859375 0.01953125 0.0375
4 0.81953125 0.32578125 0.0171875 0.0234375