3 0.78515625 0.93671875 0.04609375 0.10859375
3 0.7359375 0.70546875 0.02578125 0.06328125
3 0.59453125 0.734375 0.04140625 0.06484375
3 0.246875 0.45234375 0.0484375 0.05078125
3 0.3453125 0.515625 0.04609375 0.06875
4 0.3375 0.46640625 0.025 0.065625
3 0.375 0.39296875 0.06328125 0.05234375
4 0.2421875 0.4125 0.02578125 0.059375
1 0.25390625 0.32578125 0.109375 0.08671875
3 0.315625 0.2734375 0.01640625 0.06484375
3 0.33671875 0.27421875 0.021875 0.0671875
4 0.37109375 0.34921875 0.02421875 0.06484375
4 0.35859375 0.3515625 0.01640625 0.06875
3 0.35 0.27109375 0.02109375 0.065625
1 0.525 0.3609375 0.09296875 0.11328125
4 0.378125 0.2671875 0.0125 0.06484375
3 0.49609375 0.2734375 0.021875 0.03984375
4 0.57890625 0.3203125 0.01640625 0.0640625
3 0.61796875 0.26640625 0.0203125 0.04453125
4 0.5953125 0.6515625 0.028125 0.0828125
3 0.66484375 0.62578125 0.02578125 0.0796875
4 0.66484375 0.56171875 0.01875 0.0859375
3 0.68984375 0.51875 0.03984375 0.05
4 0.6875 0.446875 0.025 0.07109375
3 0.77421875 0.453125 0.02734375 0.04609375
4 0.784375 0.40078125 0.01875 0.0796875
3 0.8046875 0.296875 0.0390625 0.046875
4 0.64765625 0.3609375 0.0265625 0.0625
3 0.6390625 0.2703125 0.01953125 0.04609375
3 0.66875 0.2640625 0.015625 0.04609375
3 0.659375 0.259375 0.01484375 0.05546875
3 0.68515625 0.265625 0.01640625 0.05546875
3 0.73046875 0.2546875 0.028125 0.06484375
1 0.4296875 0.65234375 0.13671875 0.29921875
1 0.5921875 0.4828125 0.06796875 0.19296875
4 0.73984375 0.6359375 0.0296875 0.05859375
4 0.740625 0.621875 0.028125 0.0796875
4 0.7875 0.83828125 0.02890625 0.10859375
4 0.8078125 0.2609375 0.0265625 0.046875
4 0.83515625 0.41484375 0.0171875 0.0890625