3 0.08828125 0.94296875 0.12265625 0.1125
4 0.0953125 0.8921875 0.05078125 0.096875
3 0.72421875 0.54140625 0.05703125 0.0609375
3 0.6828125 0.47734375 0.02734375 0.0609375
4 0.72421875 0.478125 0.01640625 0.05625
4 0.69609375 0.42734375 0.01796875 0.059375
3 0.63046875 0.45546875 0.034375 0.0578125
4 0.63671875 0.396875 0.02265625 0.04453125
3 0.54921875 0.47734375 0.03359375 0.078125
3 0.57734375 0.42421875 0.03828125 0.04609375
4 0.58203125 0.37265625 0.02421875 0.05390625
4 0.52265625 0.41640625 0.0203125 0.04375
3 0.5390625 0.3859375 0.0390625 0.034375
4 0.5453125 0.34375 0.02578125 0.04765625
4 0.41640625 0.359375 0.02265625 0.0390625
3 0.378125 0.30234375 0.05390625 0.05234375
4 0.38671875 0.2640625 0.02421875 0.03359375
3 0.2359375 0.3109375 0.07578125 0.0578125
4 0.23046875 0.278125 0.02421875 0.034375
5 0.38203125 0.534375 0.3046875 0.2703125
4 0.26484375 0.42109375 0.03125 0.0546875
3 0.80390625 0.4125 0.034375 0.05234375
4 0.80625 0.36953125 0.03125 0.05390625
3 0.7640625 0.32109375 0.0234375 0.04375
3 0.79921875 0.33828125 0.02578125 0.03203125
4 0.79765625 0.30625 0.0296875 0.0421875
3 0.61796875 0.309375 0.02109375 0.0375
4 0.64453125 0.31015625 0.02265625 0.021875
3 0.709375 0.33984375 0.0359375 0.04609375
4 0.7140625 0.3078125 0.02421875 0.05078125
3 0.7203125 0.40546875 0.03203125 0.04921875
4 0.72265625 0.37265625 0.02578125 0.0359375
4 0.58671875 0.30703125 0.02421875 0.05234375
4 0.61953125 0.26796875 0.03125 0.0375
4 0.553125 0.29375 0.0359375 0.04375
3 0.4828125 0.28203125 0.040625 0.04609375
4 0.48203125 0.25078125 0.02265625 0.0359375
3 0.72890625 0.26796875 0.01875 0.034375
4 0.72734375 0.2421875 0.01953125 0.0421875
4 0.7609375 0.28984375 0.02109375 0.03359375
4 0.76171875 0.25390625 0.01640625 0.0359375
4 0.76328125 0.21796875 0.01953125 0.0390625
3 0.65859375 0.2734375 0.025 0.040625
4 0.6625 0.25859375 0.0296875 0.0390625
4 0.665625 0.2234375 0.02265625 0.04453125
4 0.68125 0.20234375 0.02421875 0.0375
1 0.025 0.48203125 0.05 0.1328125
1 0.596875 0.1015625 0.028125 0.04375
3 0.60859375 0.1953125 0.02109375 0.040625
4 0.6140625 0.171875 0.0171875 0.034375
3 0.6296875 0.18203125 0.01875 0.03203125
4 0.62890625 0.1546875 0.01953125 0.0234375
3 0.56484375 0.24609375 0.02421875 0.03203125
4 0.5640625 0.21953125 0.01484375 0.02578125
4 0.49140625 0.3921875 0.02109375 0.0234375