1 0.9640625 0.7125 0.071875 0.175
0 0.00107251875 0.9882062953125 0.2779607671875 0.99030938125 0.345407890625 0.6012504578125 0.346827615625 0.38930976093749997 0.1880312328125 0.3572999890625 0 0.6012504578125 0.00107251875 0.9882062953125
1 0.19375 0.35859375 0.08515625 0.05234375
3 0.4796875 0.903125 0.06171875 0.10625
3 0.465625 0.62578125 0.04453125 0.08125
3 0.65234375 0.32734375 0.04921875 0.05234375
3 0.28203125 0.31953125 0.046875 0.05
3 0.1078125 0.28359375 0.03203125 0.046875
3 0.16875 0.290625 0.03984375 0.0546875
4 0.1046875 0.23984375 0.01875 0.0671875
4 0.1125 0.24765625 0.02109375 0.0640625
4 0.1625 0.2484375 0.025 0.05859375
4 0.178125 0.25546875 0.0234375 0.0609375
3 0.2 0.26953125 0.0359375 0.0453125
3 0.01328125 0.25 0.0265625 0.0421875
4 0.009375 0.1984375 0.01875 0.053125
3 0.03828125 0.209375 0.03515625 0.05234375
3 0.07890625 0.23125 0.0421875 0.05
4 0.4828125 0.78359375 0.03359375 0.13203125
4 0.4625 0.54609375 0.03125 0.0984375
4 0.65703125 0.2953125 0.01640625 0.05234375
4 0.2734375 0.27109375 0.0234375 0.059375
4 0.2890625 0.271875 0.02578125 0.04921875
4 0.19453125 0.22578125 0.02109375 0.05234375
4 0.034375 0.17421875 0.0140625 0.0625
4 0.0765625 0.2015625 0.01953125 0.0546875
4 0.04296875 0.1765625 0.015625 0.04296875