2 0.190625 0.4703125 0.29609375 0.425
1 0.70859375 0.45 0.046875 0.078125
1 0.66640625 0.3890625 0.03515625 0.0546875
1 0.8234375 0.3125 0.03984375 0.04609375
1 0.909375 0.45546875 0.0625 0.08984375
1 0.8265625 0.3953125 0.03984375 0.0609375
1 0.9875 0.65859375 0.02421875 0.08359375
0 0.696875 0.2953125 0.03203125 0.06328125
2 0.42109375 0.23984375 0.04609375 0.040625
5 0.353125 0.26328125 0.053125 0.04609375
3 0.92109375 0.32578125 0.0203125 0.03203125
3 0.9484375 0.3296875 0.01640625 0.0234375
3 0.9859375 0.35625 0.0171875 0.034375
4 0.98359375 0.3296875 0.01875 0.02890625
4 0.92265625 0.309375 0.0109375 0.0171875
4 0.95078125 0.3171875 0.01796875 0.0203125
3 0.8921875 0.2890625 0.015625 0.0171875
4 0.93984375 0.290625 0.0125 0.0203125
3 0.8734375 0.2703125 0.0109375 0.02578125
4 0.8875 0.26484375 0.0125 0.0203125
3 0.90234375 0.2734375 0.0125 0.02578125
4 0.9203125 0.271875 0.0125 0.0171875
4 0.93671875 0.275 0.01171875 0.0171875
1 0.6546875 0.2296875 0.021875 0.02578125
1 0.67890625 0.2328125 0.01875 0.02578125
0 0.28828125 0.22890625 0.03984375 0.04609375
1 0.375 0.1953125 0.025 0.03203125
1 0.41171875 0.18828125 0.04296875 0.02890625
4 0.84296875 0.253125 0.0140625 0.01484375
3 0.8546875 0.2734375 0.015625 0.0203125
4 0.85546875 0.26171875 0.01171875 0.01484375
4 0.86171875 0.24609375 0.01484375 0.01171875
4 0.87421875 0.24921875 0.009375 0.0234375
4 0.9 0.2578125 0.0109375 0.0171875