3 0.4921875 0.67890625 0.090625 0.0765625
3 0.2453125 0.63046875 0.1109375 0.08828125
3 0.01640625 0.59921875 0.0328125 0.08515625
4 0.06484375 0.54296875 0.034375 0.1234375
3 0.08203125 0.578125 0.0921875 0.07890625
3 0.2 0.53671875 0.08359375 0.05859375
4 0.04375 0.4484375 0.028125 0.103125
3 0.053125 0.4828125 0.0859375 0.06640625
3 0.06640625 0.30625 0.05390625 0.04375
4 0.19140625 0.48515625 0.03046875 0.0953125
3 0.84140625 0.40859375 0.028125 0.06328125
3 0.4625 0.4359375 0.0515625 0.0703125
3 0.42578125 0.30078125 0.046875 0.05078125
4 0.46328125 0.38515625 0.0265625 0.06796875
3 0.49375 0.39375 0.03671875 0.0625
4 0.48203125 0.35234375 0.02578125 0.071875
3 0.5390625 0.2609375 0.025 0.0453125
3 0.7734375 0.271875 0.01875 0.04375
4 0.54296875 0.22578125 0.0171875 0.05078125
4 0.56171875 0.22109375 0.009375 0.040625
3 0.5609375 0.24140625 0.0140625 0.046875
3 0.5953125 0.2125 0.0171875 0.0421875
4 0.5953125 0.1859375 0.0140625 0.034375
1 0.621875 0.16015625 0.028125 0.06328125
1 0.603125 0.1234375 0.03671875 0.065625
4 0.678125 0.11484375 0.0140625 0.06015625
3 0.6734375 0.1359375 0.0171875 0.0328125
4 0.5625 0.16015625 0.0140625 0.046875
3 0.56015625 0.18828125 0.0125 0.0328125
4 0.23515625 0.559375 0.04609375 0.11640625
4 0.4703125 0.62890625 0.028125 0.1046875
4 0.4921875 0.62109375 0.0296875 0.1125
4 0.425 0.26484375 0.01484375 0.06953125
4 0.7765625 0.24296875 0.01796875 0.05859375
4 0.846875 0.35234375 0.0265625 0.071875
4 0.0703125 0.265625 0.02890625 0.08359375
5 0.2546875 0.325 0.24140625 0.2078125
1 0.02265625 0.83359375 0.0453125 0.215625
1 0.58984375 0.546875 0.1625 0.165625