3 0.40078125 0.7390625 0.09765625 0.09921875
3 0.21171875 0.41328125 0.05859375 0.0671875
3 0.29765625 0.44375 0.0671875 0.05703125
4 0.41953125 0.65625 0.03671875 0.1296875
3 0.44453125 0.51015625 0.0734375 0.0703125
1 0.25 0.34375 0.15625 0.1296875
4 0.1875 0.34609375 0.02265625 0.065625
4 0.2046875 0.34921875 0.0171875 0.071875
3 0.240625 0.259375 0.040625 0.04296875
3 0.98359375 0.678125 0.0328125 0.11640625
1 0.48359375 0.41796875 0.184375 0.15078125
0 0.796875 0.45546875 0.40546875 0.3421875
4 0.246875 0.22265625 0.0171875 0.06171875
4 0.2875 0.384375 0.01640625 0.08359375
4 0.4359375 0.45859375 0.03125 0.09296875