5 0.08112656875 0.37762159375 0.0972449828125 0.3761895140625 0.1077219125 0.401966346875 0.1399587375 0.39194206249999997 0.20926796093750002 0.3948061140625 0.216521196875 0.42201502812499997 0.2382810921875 0.4191509203125 0.2519817171875 0.39623819375 0.310813946875 0.38334975 0.304366559375 0.2129362296875 0.162524540625 0.20577599375000002 0.12211376249999999 0.21888231875000003 0.1246462953125 0.25876165625 0.0948271953125 0.2659218921875 0.0795146921875 0.301723065625 0.08112656875 0.37762159375
5 1 0.7132482703125 0.9473412031249999 0.7261162875 0.9352523921874999 0.7232521843749999 0.8369299781249999 0.751893121875 0.8191997499999999 0.771941746875 0.7966340093750001 0.7934224484375 0.7764859937499999 0.9853167562499999 0.7829333218750001 1 1 1 1 0.7132482703125
3 0.834375 0.671875 0.03828125 0.0859375
4 0.8421875 0.58671875 0.034375 0.0875
3 0.4140625 0.47734375 0.05546875 0.08828125
4 0.41953125 0.43046875 0.0234375 0.07578125
3 0.8546875 0.38828125 0.03125 0.05078125
4 0.8578125 0.3453125 0.0265625 0.0625
3 0.759375 0.490625 0.02109375 0.0921875
3 0.38671875 0.31015625 0.05234375 0.05625
4 0.75234375 0.4296875 0.021875 0.053125