1 0.65546875 0.721875 0.11328125 0.24375
1 0.41015625 0.87265625 0.15859375 0.25390625
1 0.6375 0.48125 0.10234375 0.20703125
1 0.496875 0.39140625 0.11875 0.14296875
3 0.35703125 0.70234375 0.04453125 0.1125
4 0.35546875 0.61640625 0.0328125 0.0515625
3 0.4265625 0.625 0.0375 0.1046875
3 0.3390625 0.5453125 0.046875 0.09375
4 0.33671875 0.4765625 0.040625 0.06796875
4 0.25 0.96640625 0.04921875 0.06640625
3 0.7234375 0.534375 0.0375 0.08203125
4 0.72578125 0.4703125 0.02421875 0.06953125
3 0.67578125 0.9515625 0.04296875 0.096875
4 0.684375 0.8671875 0.0375 0.10859375
3 0.40703125 0.49921875 0.03515625 0.07109375
4 0.396875 0.44921875 0.0328125 0.04921875