5 0.91484375 0.803125 0.1703125 0.39296875
1 0.73359375 0.3875 0.084375 0.1609375
1 0.75 0.25625 0.0640625 0.090625
3 0.7875 0.603125 0.08984375 0.11171875
4 0.790625 0.54296875 0.03515625 0.08984375
3 0.4953125 0.62578125 0.065625 0.1296875
4 0.5 0.56640625 0.02578125 0.0953125
3 0.55078125 0.53984375 0.03125 0.1015625
4 0.55078125 0.465625 0.03125 0.06875
3 0.246875 0.46171875 0.0640625 0.09375
4 0.24765625 0.41171875 0.02890625 0.0765625
3 0.29140625 0.41484375 0.05390625 0.065625
4 0.2859375 0.35859375 0.02734375 0.06796875
3 0.15078125 0.2765625 0.0515625 0.05703125
4 0.14609375 0.23828125 0.02421875 0.0484375
4 0.1625 0.2421875 0.025 0.04375
3 0.45078125 0.51328125 0.059375 0.090625
4 0.45390625 0.46015625 0.0296875 0.08203125
3 0.353125 0.45078125 0.0546875 0.07578125
4 0.35234375 0.40703125 0.02890625 0.0734375
3 0.38515625 0.52265625 0.0609375 0.09453125
3 0.4046875 0.41484375 0.0453125 0.065625
4 0.4046875 0.37578125 0.02421875 0.08828125
4 0.66796875 0.575 0.03828125 0.0640625
3 0.70859375 0.8765625 0.040625 0.15546875
4 0.7015625 0.76328125 0.0421875 0.090625
4 0.68046875 0.74375 0.0328125 0.09296875
3 0.5984375 0.65078125 0.05078125 0.11171875
4 0.6015625 0.553125 0.0359375 0.06328125