5 0.559375 0.7421875 0.365625 0.515625
1 0.1875 0.37109375 0.18671875 0.171875
1 0.7234375 0.65625 0.22265625 0.29296875
1 0.49765625 0.4765625 0.16875 0.13828125
1 0.5 0.2875 0.09765625 0.1015625
1 0.61015625 0.2453125 0.0578125 0.10078125
5 0.34921875 0.28203125 0.1921875 0.1875
4 0.35078125 0.35234375 0.01875 0.08359375
4 0.140625 0.65078125 0.03515625 0.09296875
4 0.14375 0.58671875 0.04296875 0.08046875
3 0.89921875 0.6375 0.05 0.1125
4 0.9078125 0.56640625 0.02578125 0.09921875
3 0.8125 0.45 0.05625 0.08828125
4 0.815625 0.41171875 0.0203125 0.0765625
5 0.9578125 0.5046875 0.084375 0.271875