1 0.1234375 0.5875 0.209375 0.17890625
1 0.53984375 0.90625 0.303125 0.1875
5 0.7092159296875 0.7808423890625 0.7175480703125 0.8067522390624999 0.7487937734375001 0.8234082812500001 0.774831859375 0.8178562921875001 0.9945933703125001 0.9659116078125001 1 0.6068774343750001 0.871693571875 0.5550580875 0.8508631031249999 0.5828184578125 0.7567708296875 0.539814815625 0.7196311640624999 0.5717142671875 0.6873438734375 0.7475299578125 0.7092159296875 0.7808423890625
5 0.372803825 0.7290230421875 0.07284507812499999 0.6809050937500001 0.059305242187499996 0.6809050937500001 0.0015624953125 0.6833333374999999 0 0.895585275 0.335308996875 0.9640609437500001 0.372803825 0.7290230421875
1 0.295319671875 0.5411387359375001 0.3184592890625 0.5368106218750001 0.373872525 0.498939753125 0.38483340625 0.47729926093749997 0.3811797953125 0.436182309375 0.37204574375 0.41345980937500004 0.3355095375 0.3950654203125 0.3008001125 0.42103396875000004 0.280096253125 0.45349470781249995 0.2650761765625 0.47395329531249997 0.2575656109375 0.490283565625 0.2624371234375 0.523826315625 0.295319671875 0.5411387359375001
1 0.3629116921875 0.6082242328125 0.353777640625 0.61255235 0.342816759375 0.6157984171875001 0.3312469515625 0.6277007125 0.323939728125 0.6417670249999999 0.3215039734375 0.6915401453125 0.33246485312499996 0.7056064578125001 0.3422078328125 0.725082934375 0.365347403125 0.715344778125 0.384224478125 0.720754903125 0.4213696140625 0.739149246875 0.44511815625000006 0.744559371875 0.454252209375 0.75429756875 0.46521304218750004 0.756461625 0.4792186078125 0.7521335515625001 0.484699046875 0.730493059375 0.5078386171875 0.717508753125 0.52062628125 0.6947862125 0.5212352546875 0.6644895281250001 0.5175815953125 0.625536653125 0.5066207625 0.60065009375 0.41657002656250003 0.5822236109375 0.3945763859375 0.5887477984375 0.375090428125 0.6049781671875001 0.3629116921875 0.6082242328125
1 0.09315268125000001 0.476217253125 0.0986330984375 0.476217253125 0.10715822187499999 0.4837913921875 0.1165843859375 0.4859554515625 0.12725313124999998 0.48162737499999997 0.1345603765625 0.4751352046875 0.19362725 0.4697250796875 0.2027613 0.4718891390625 0.2125042796875 0.4664790140625 0.2277276984375 0.44375653125000003 0.22407408750000002 0.3950654203125 0.20397917968749998 0.3723428578125 0.14004081562499998 0.38316310468750003 0.09835681093750001 0.41440462499999997 0.0870633125 0.42536206249999997 0.08097394531249999 0.4405104234375 0.0821918234375 0.46539702812500006 0.09315268125000001 0.476217253125
1 0.6672457359374999 0.3788350484375 0.6623742234375001 0.39290134375 0.6672457359374999 0.404803596875 0.672448771875 0.41178183749999997 0.681648528125 0.41237628125 0.683488475 0.4162401421875 0.6880047125 0.4165373578125 0.69525681875 0.4167059125 0.6989104296875001 0.41345980937500004 0.7413633125 0.41505125625000006 0.7427014375 0.4180234625 0.7464075171875 0.419951940625 0.7525702812499999 0.41921234687500003 0.753714740625 0.4112957921875 0.7665024500000001 0.40372156875 0.7665024500000001 0.3896552984375 0.7622399109375 0.3799170375 0.75493259375 0.3723428578125 0.7482343453125 0.365850725 0.7378823921875 0.3561124859375 0.726978228125 0.35560718750000003 0.712307065625 0.3550304796875 0.7050660859375 0.355309965625 0.6976925734375 0.3593585734375 0.6916032078125001 0.3690967921875 0.675770859375 0.3723428578125 0.6672457359374999 0.3788350484375
1 0.376172303125 0.43096809062499997 0.38220210312499997 0.45668267343749996 0.40109546875 0.4545397984375 0.42400873125 0.4509683296875 0.43888222812500005 0.41953946249999996 0.44089216249999996 0.3981106 0.42774430468749997 0.3712043328125 0.3784663890625 0.3689397875 0.36572210156249996 0.3689397875 0.357863125 0.381017346875 0.343952696875 0.3961658296875 0.358886859375 0.40811072187499997 0.37134844375 0.41311078125 0.376172303125 0.43096809062499997
1 0.4393487125 0.39554052500000003 0.44038096250000003 0.4120480515625 0.44450984375 0.42030179843750004 0.45483210312500005 0.4193847296875 0.4599932328125 0.41388222968750005 0.4718638484375 0.41388222968750005 0.4780571875 0.4230530828125 0.48321831875 0.42213597500000005 0.48734723750000003 0.41113094375000003 0.4976694984375 0.41113094375000003 0.5007661671875 0.39920884375 0.5002500624999999 0.3854525625 0.49715339218750004 0.37169628125 0.4925083671875 0.3707792125 0.48425056875 0.36711085468750004 0.47650887343750004 0.357940003125 0.468251071875 0.35610582343749997 0.45431599843750003 0.35610582343749997 0.4393487125 0.35702293125 0.4310909140625 0.35977418125 0.423399890625 0.369587715625 0.429026453125 0.377198815625 0.43418758437499994 0.3900379890625 0.4393487125 0.39554052500000003
1 0.42177163125000006 0.36743243125 0.4266476578125 0.3641833234375 0.4327427265625 0.3566020515625 0.4455424078125 0.3511868640625 0.4565135015625 0.3511868640625 0.4522469734375 0.3349412984375 0.44798039687499996 0.3230278609375 0.440666334375 0.321944840625 0.428476196875 0.321944840625 0.4162860609375 0.321944840625 0.40775295468749995 0.33060913125 0.394343821875 0.34360559375 0.3797156484375 0.34902078125 0.376668115625 0.36526634687500004 0.38520122031250004 0.36743243125 0.39312478125 0.36743243125 0.42177163125000006 0.36743243125
1 0.038186103124999995 0.44324506562500005 0.0448906703125 0.448660253125 0.054033271875 0.448660253125 0.059518843749999994 0.45407544062499994 0.068051946875 0.447577190625 0.0759755546875 0.447577190625 0.08085158125 0.43782987812499996 0.0863371546875 0.4269995 0.1034033625 0.41183695781249996 0.12717409375 0.39342530937500003 0.1430213078125 0.3793458265625 0.1387547328125 0.36743243125 0.12961213124999998 0.36526634687500004 0.11437445937499999 0.36526634687500004 0.09791779375000001 0.37176455625 0.07963258749999999 0.37717974375 0.0686614453125 0.388010121875 0.060737884374999995 0.3966744546875 0.049766742187500004 0.4010065796875 0.043585731249999995 0.40531005625 0.03757660625 0.42050124999999994 0.03757660625 0.4324146875 0.038186103124999995 0.44324506562500005
3 0.503125 0.50234375 0.02421875 0.0578125
3 0.48046875 0.48203125 0.0234375 0.05390625
4 0.4890625 0.44296875 0.0140625 0.03984375
4 0.509375 0.4515625 0.015625 0.0390625
3 0.56015625 0.4875 0.04140625 0.06484375
4 0.55390625 0.43203125 0.0125 0.03515625
4 0.5640625 0.4453125 0.0140625 0.0453125
4 0.2125 0.36328125 0.01640625 0.03203125
1 0.88828125 0.39765625 0.11015625 0.08828125
3 0.42890625 0.47265625 0.01953125 0.06171875
3 0.4578125 0.47109375 0.01875 0.06640625
3 0.59921875 0.48828125 0.03046875 0.05234375
3 0.63515625 0.503125 0.0265625 0.0625
3 0.66484375 0.51015625 0.02890625 0.065625