0 0.7269217968749999 0.42921101093749997 0.7050498203125 0.46622484062499997 0.6706795140625 0.7123668609375 0.6852608578125 0.7863945203125 0.7800394765625 0.8918839484375001 0.9998009890624999 0.782693125 1 0.3773916625 0.9581400484374999 0.3903465171875 0.838364853125 0.405152034375 0.8123267671875001 0.405152034375 0.7269217968749999 0.42921101093749997
3 0.1546875 0.60234375 0.10546875 0.134375
4 0.1421875 0.51640625 0.02578125 0.0921875
3 0.1078125 0.9390625 0.18671875 0.121875
4 0.10078125 0.8796875 0.046875 0.1796875
4 0.13984375 0.8515625 0.04765625 0.165625
3 0.2859375 0.565625 0.0921875 0.1203125
4 0.278125 0.515625 0.02734375 0.11875
4 0.5984375 0.48359375 0.021875 0.0765625
4 0.61796875 0.484375 0.021875 0.0671875
1 0.02265625 0.43828125 0.0453125 0.2140625
3 0.153125 0.43046875 0.07890625 0.08671875
4 0.1578125 0.37421875 0.0234375 0.08046875
3 0.2921875 0.4078125 0.06953125 0.08359375
3 0.40546875 0.58046875 0.0921875 0.1234375
3 0.49140625 0.5796875 0.08359375 0.10703125
4 0.4875 0.5109375 0.02890625 0.0953125
4 0.65859375 0.396875 0.02578125 0.0796875