1 0.45546875 0.5109375 0.17109375 0.2140625
5 0.21015625 0.334375 0.2390625 0.2140625
1 0.8953125 0.73671875 0.209375 0.428125
5 0.69609375 0.86484375 0.3828125 0.2703125
5 0.5140625 0.26640625 0.16015625 0.1359375
3 0.61171875 0.2390625 0.028125 0.040625
4 0.609375 0.21015625 0.0203125 0.0234375
1 0.6296875 0.171875 0.04765625 0.08125
4 0.0875 0.44140625 0.034375 0.04609375
4 0.7203125 0.63046875 0.03828125 0.0609375
3 0.7 0.42265625 0.03984375 0.08359375
4 0.7046875 0.3703125 0.028125 0.0546875
3 0.6875 0.32265625 0.0296875 0.034375
4 0.69296875 0.2921875 0.028125 0.02578125
3 0.69296875 0.2765625 0.025 0.0234375
4 0.69140625 0.24453125 0.021875 0.034375
3 0.64375 0.28046875 0.03828125 0.04921875
4 0.64765625 0.24765625 0.028125 0.040625
3 0.87421875 0.33828125 0.03984375 0.0609375
4 0.88046875 0.29765625 0.025 0.04921875
3 0.0578125 0.290625 0.04140625 0.05234375
4 0.0671875 0.25 0.0265625 0.040625
3 0.34140625 0.2953125 0.03515625 0.04921875
4 0.3390625 0.2546875 0.02578125 0.0375
3 0.1078125 0.51953125 0.1015625 0.06328125
3 0.7265625 0.71875 0.04609375 0.06328125
3 0.92109375 0.35625 0.0328125 0.0546875
4 0.9203125 0.31953125 0.01640625 0.034375