1 0.31796875 0.59140625 0.146875 0.16484375
1 0.2140625 0.48046875 0.13203125 0.08125
1 0.04453125 0.4515625 0.08671875 0.14453125
1 0.6421875 0.3890625 0.09453125 0.078125
1 0.61640625 0.34609375 0.078125 0.078125
5 0.45390625 0.40390625 0.19296875 0.1359375
3 0.3375 0.3859375 0.01875 0.0375
4 0.34375 0.35859375 0.01875 0.0234375
2 0.80703125 0.2546875 0.3046875 0.121875
1 0.40390625 0.28203125 0.06640625 0.0546875
5 0.31640625 0.25 0.07421875 0.06640625
5 0.14609375 0.2375 0.0953125 0.06953125
1 0.2125 0.2515625 0.04375 0.034375
5 0.05078125 0.2296875 0.096875 0.0953125