0 0.8578125 0.68671875 0.284375 0.6265625
1 0.175 0.6828125 0.18984375 0.3296875
1 0.534375 0.49296875 0.246875 0.16484375
3 0.146875 0.3328125 0.0421875 0.06640625
4 0.1453125 0.28359375 0.03125 0.040625
4 0.24375 0.3140625 0.0234375 0.04375
3 0.26484375 0.4328125 0.05078125 0.0984375
4 0.26484375 0.371875 0.02578125 0.0609375
4 0.61640625 0.58125 0.03046875 0.06953125
3 0.69375 0.5125 0.04140625 0.0953125
4 0.69609375 0.4453125 0.0234375 0.05234375
4 0.46640625 0.67109375 0.04296875 0.08671875
4 0.5421875 0.71328125 0.04140625 0.078125
4 0.40390625 0.7828125 0.04140625 0.09296875
4 0.32421875 0.9421875 0.0390625 0.10390625
3 0.04609375 0.3140625 0.0515625 0.06953125
4 0.040625 0.26484375 0.03046875 0.04609375
3 0.0453125 0.20234375 0.0265625 0.04375
4 0.053125 0.178125 0.0171875 0.034375
3 0.07578125 0.24609375 0.03671875 0.0375
4 0.0734375 0.21015625 0.025 0.040625
3 0.7890625 0.271875 0.04296875 0.0546875
4 0.79296875 0.24296875 0.028125 0.04375
3 0.39609375 0.91171875 0.046875 0.1015625
3 0.53671875 0.84921875 0.04609375 0.10390625
3 0.4578125 0.784375 0.04453125 0.1015625
3 0.5953125 0.6875 0.04296875 0.0984375