1 0.92109375 0.72734375 0.1578125 0.2359375
1 0.209375 0.45546875 0.13671875 0.1125
1 0.38515625 0.45703125 0.1265625 0.10703125
1 0.54375 0.33671875 0.06328125 0.06328125
1 0.496875 0.36328125 0.05546875 0.08671875
2 0.590625 0.2546875 0.2421875 0.115625
1 0.56953125 0.24140625 0.04375 0.03203125
4 0.39296875 0.36796875 0.02265625 0.021875
3 0.4171875 0.39140625 0.01953125 0.03359375
4 0.41640625 0.3640625 0.01796875 0.03046875
3 0.43671875 0.396875 0.01953125 0.02734375
4 0.4359375 0.3640625 0.02109375 0.02421875
4 0.4671875 0.3453125 0.01796875 0.021875
2 0.775 0.2390625 0.275 0.0984375