5 0.7140625 0.378125 0.115625 0.19453125
2 0.18359375 0.378125 0.3671875 0.29140625
1 0.4734375 0.35390625 0.0640625 0.0625
1 0.490625 0.875 0.1953125 0.24296875
1 0.76875 0.5296875 0.0765625 0.1078125
1 0.63203125 0.30390625 0.0375 0.03828125
1 0.78046875 0.29140625 0.025 0.034375
1 0.83515625 0.3625 0.0453125 0.07265625
2 0.84296875 0.7171875 0.3140625 0.565625
2 0.43515625 0.278125 0.1890625 0.153125
2 0.5546875 0.2390625 0.10390625 0.08125
1 0.5734375 0.2953125 0.03984375 0.04921875
5 0.82421875 0.28203125 0.04296875 0.08125