4 0.44296875 0.1328125 0.0109375 0.046875
2 0.871875 0.396875 0.25625 0.4265625
4 0.89453125 0.22578125 0.0203125 0.0578125
4 0.396875 0.203125 0.0125 0.059375
4 0.40703125 0.15234375 0.0109375 0.0453125
1 0.521875 0.7046875 0.1 0.271875
2 0.825 0.72578125 0.35 0.5484375
5 0.340625 0.09921875 0.04765625 0.08046875
5 0.390625 0.10078125 0.03046875 0.07578125
5 0.50078125 0.09375 0.03046875 0.0765625
5 0.84453125 0.1484375 0.06875 0.109375
2 0.6484375 0.0984375 0.08828125 0.13359375
1 0.29296875 0.14140625 0.040625 0.0640625