1 0.571875 0.48125 0.28515625 0.32265625
3 0.2625 0.8734375 0.0640625 0.190625
3 0.79765625 0.55234375 0.0796875 0.11796875
3 0.25390625 0.5484375 0.0546875 0.11796875
3 0.30859375 0.16171875 0.0234375 0.07265625
3 0.271875 0.41171875 0.03125 0.09375
3 0.20390625 0.4046875 0.0375 0.1078125
3 0.52421875 0.3 0.053125 0.065625
3 0.371875 0.253125 0.0296875 0.0625
4 0.5671875 0.88203125 0.053125 0.221875
4 0.52265625 0.28125 0.0328125 0.096875
4 0.6640625 0.72890625 0.04296875 0.159375
3 0.3421875 0.8859375 0.06484375 0.12734375
4 0.3375 0.7703125 0.046875 0.12578125
3 0.54375 0.72734375 0.0546875 0.14453125
4 0.5390625 0.703125 0.046875 0.1421875
3 0.321875 0.59609375 0.05625 0.1359375
4 0.3171875 0.5625 0.040625 0.16640625
3 0.40546875 0.53828125 0.0484375 0.1015625
4 0.3953125 0.49296875 0.040625 0.13203125
3 0.45234375 0.5625 0.0484375 0.10390625
4 0.44921875 0.534375 0.04296875 0.14609375
3 0.39921875 0.75078125 0.040625 0.121875
4 0.39765625 0.71875 0.0484375 0.16640625
4 0.46484375 0.65078125 0.04296875 0.14921875
3 0.38203125 0.61953125 0.05078125 0.1125
4 0.375 0.56796875 0.046875 0.1421875
1 0.9328125 0.75546875 0.13125 0.246875
1 0.3640625 0.1859375 0.0640625 0.1078125
1 0.340625 0.41875 0.0921875 0.1703125
1 0.21796875 0.078125 0.0640625 0.1078125
3 0.47421875 0.85078125 0.0609375 0.14140625
3 0.6015625 0.7265625 0.06953125 0.12421875
3 0.175 0.51640625 0.04296875 0.0984375
3 0.10546875 0.65234375 0.053125 0.12734375
3 0.22890625 0.70859375 0.05625 0.11875
3 0.14140625 0.30546875 0.05 0.0984375
3 0.16796875 0.14609375 0.05546875 0.08125
3 0.4203125 0.36171875 0.03359375 0.07265625
4 0.415625 0.3140625 0.03203125 0.06328125
3 0.44296875 0.28046875 0.021875 0.0546875
4 0.46796875 0.796875 0.053125 0.10390625
4 0.21953125 0.63359375 0.046875 0.10703125
4 0.25859375 0.784375 0.03828125 0.14140625
4 0.09765625 0.553125 0.04296875 0.08828125
4 0.1640625 0.465625 0.03671875 0.1015625
4 0.2046875 0.3515625 0.03671875 0.09296875
4 0.26640625 0.35625 0.040625 0.06640625
4 0.2515625 0.49609375 0.04296875 0.08671875
5 0.25703125 0.196875 0.09921875 0.2578125
3 0.43125 0.95625 0.06875 0.06328125
4 0.4328125 0.95625 0.0484375 0.08671875