5 0.38046875 0.30703125 0.0609375 0.1671875
5 0.325 0.1734375 0.0484375 0.10546875
3 0.371875 0.21171875 0.034375 0.05078125
4 0.36796875 0.21171875 0.0109375 0.0359375
3 0.91796875 0.340625 0.05078125 0.09921875
4 0.91953125 0.33828125 0.0265625 0.0640625
5 0.484375 0.41640625 0.10546875 0.340625
5 0.18046875 0.7578125 0.21875 0.484375
5 0.34765625 0.8203125 0.17890625 0.35390625
5 0.5765625 0.296875 0.090625 0.221875
5 0.48125 0.153125 0.04296875 0.09921875
5 0.52578125 0.128125 0.0625 0.128125
5 0.359375 0.16015625 0.05390625 0.06796875
5 0.859375 0.27578125 0.08203125 0.11640625
5 0.91484375 0.5484375 0.1703125 0.309375
5 0.734375 0.26875 0.14453125 0.16484375
5 0.57421875 0.93828125 0.2328125 0.1234375