5 0.4421875 0.36875 0.08125 0.23125
5 0.8765625 0.2359375 0.078125 0.109375
5 0.58984375 0.41015625 0.1203125 0.3609375
3 0.184375 0.603125 0.05703125 0.08828125
4 0.18515625 0.55703125 0.0359375 0.1078125
1 0.48671875 0.83359375 0.1265625 0.3296875
1 0.97890625 0.3484375 0.0421875 0.1375
5 0.8 0.1578125 0.05078125 0.090625
5 0.38515625 0.26171875 0.05078125 0.13515625
5 0.38671875 0.1875 0.065625 0.0625
5 0.41640625 0.16796875 0.0625 0.08984375
1 0.27421875 0.18359375 0.06796875 0.08125
5 0.32265625 0.13671875 0.06796875 0.10078125
1 0.4828125 0.1328125 0.04296875 0.0921875
2 0.55546875 0.1515625 0.090625 0.175