5 0.30859375 0.7359375 0.1578125 0.475
3 0.0921875 0.84453125 0.053125 0.1359375
3 0.2859375 0.46875 0.028125 0.084375
3 0.96171875 0.378125 0.0328125 0.0625
3 0.31484375 0.396875 0.0203125 0.0625
3 0.2 0.65078125 0.040625 0.1109375
0 0.375 0.20078125 0.05625 0.1828125
4 0.31796875 0.37265625 0.0171875 0.0734375
4 0.09296875 0.77265625 0.0546875 0.1453125
4 0.28671875 0.4359375 0.0265625 0.08125
5 0.73984375 0.7578125 0.371875 0.48359375
1 0.65078125 0.4859375 0.08671875 0.0953125
2 0.4890625 0.16796875 0.05703125 0.178125
2 0.58671875 0.2734375 0.128125 0.3234375
4 0.75546875 0.28828125 0.1046875 0.1875
1 0.4796875 0.36953125 0.09296875 0.19296875