1 0.47578125 0.528125 0.1078125 0.11796875
1 0.16796875 0.32109375 0.1015625 0.08671875
1 0.8421875 0.409375 0.0390625 0.05546875
0 0.89765625 0.55 0.121875 0.27890625
5 0.2296875 0.23046875 0.06640625 0.08203125
1 0.4125 0.36484375 0.08359375 0.08671875
5 0.74609375 0.3640625 0.06953125 0.11640625
5 0.815625 0.29453125 0.0296875 0.0578125
5 0.703125 0.33203125 0.04453125 0.09609375
1 0.1296875 0.22421875 0.07265625 0.0625
2 0.33828125 0.27734375 0.1328125 0.1609375
2 0.46953125 0.28515625 0.175 0.13515625
2 0.5984375 0.25234375 0.0828125 0.09453125
2 0.684375 0.23203125 0.053125 0.04375
2 0.7484019890625 0.8960700765625 0.7173295453125 0.63091865625 0.5433238640625 0.5681818187500001 0.0319602265625 1 0.7137784078125 0.9970801765624999 0.7484019890625 0.8960700765625
1 0.025 0.45234375 0.046875 0.18671875
0 0.9296875 0.35 0.0421875 0.1125
1 0.88671875 0.27421875 0.01953125 0.0390625