5 0.6609375 0.60234375 0.175 0.4984375
5 0.96542838125 0.782986309375 0.9963276375 0.787275896875 0.9989026031250001 0.527326865625 0.9166158718749999 0.4616344625 0.8263816328125 0.46298304375 0.7920491125 0.5384798203125001 0.96542838125 0.782986309375
4 0.98671875 0.50078125 0.0234375 0.0546875
1 0.90703125 0.43515625 0.0875 0.09765625
4 0.95 0.44375 0.01875 0.06875
5 0.52109375 0.48203125 0.0953125 0.21328125
5 0.4078125 0.478125 0.0828125 0.21015625
5 0.571875 0.33359375 0.07734375 0.1359375
5 0.43046875 0.35234375 0.059375 0.09765625
5 0.39375 0.2671875 0.04765625 0.08515625
5 0.3484375 0.28125 0.0359375 0.0828125