3 0.86640625 0.41328125 0.0203125 0.0421875
3 0.84296875 0.33125 0.0171875 0.0375
3 0.946875 0.4046875 0.021875 0.040625
5 0.503125 0.78125 0.146875 0.409375
4 0.95 0.38828125 0.021875 0.0515625
4 0.8671875 0.3953125 0.01875 0.059375
1 0.25546875 0.73515625 0.1140625 0.2234375
1 0.9671875 0.5484375 0.0625 0.128125
1 0.48671875 0.38828125 0.06171875 0.11953125
5 0.58125 0.34765625 0.08984375 0.2296875
5 0.3921875 0.4546875 0.07109375 0.17578125
5 0.52265625 0.2375 0.053125 0.13125
5 0.39375 0.2484375 0.05390625 0.134375
3 0.33671875 0.4375 0.02578125 0.05703125
4 0.3359375 0.4078125 0.028125 0.04765625