5 0.375 0.3890625 0.11328125 0.284375
3 0.2203125 0.46171875 0.04296875 0.11796875
3 0.16015625 0.43203125 0.04296875 0.09375
3 0.14375 0.61953125 0.040625 0.121875
3 0.73046875 0.453125 0.109375 0.1078125
3 0.17890625 0.64921875 0.0375 0.096875
4 0.35078125 0.93203125 0.06875 0.128125
4 0.18125 0.6078125 0.05078125 0.153125
4 0.2328125 0.26484375 0.0140625 0.071875
4 0.253125 0.215625 0.025 0.0625
4 0.2234375 0.41875 0.040625 0.128125
1 0.68671875 0.6578125 0.2953125 0.28125
1 0.096875 0.840625 0.19375 0.3125
1 0.35546875 0.69765625 0.1484375 0.340625
4 0.14765625 0.540625 0.0296875 0.08671875
4 0.16328125 0.365625 0.03125 0.08828125
4 0.15390625 0.38046875 0.0203125 0.078125
3 0.50390625 0.4046875 0.021875 0.0703125
3 0.47109375 0.371875 0.01875 0.0484375
4 0.496875 0.34453125 0.0234375 0.0765625
3 0.43984375 0.32109375 0.01484375 0.0515625
4 0.465625 0.3109375 0.01484375 0.06875
3 0.51875 0.3640625 0.0234375 0.0625
4 0.51640625 0.3125 0.02109375 0.071875
4 0.4375 0.2671875 0.0171875 0.0640625
3 0.4859375 0.296875 0.01875 0.05
4 0.484375 0.25390625 0.02109375 0.05
4 0.51875 0.2453125 0.0234375 0.0578125
3 0.37578125 0.16953125 0.0296875 0.0359375
4 0.36953125 0.146875 0.0203125 0.046875
3 0.38203125 0.11796875 0.01953125 0.0375
4 0.38125 0.0890625 0.01953125 0.0453125
3 0.425 0.14453125 0.01953125 0.0421875
4 0.4203125 0.11171875 0.01484375 0.05
4 0.46328125 0.09453125 0.01484375 0.04375
4 0.425 0.2203125 0.015625 0.0578125
3 0.6984375 0.4125 0.0796875 0.0578125
4 0.7078125 0.365625 0.01953125 0.10078125
5 0.284375 0.290625 0.07734375 0.15625
5 0.33125 0.0703125 0.05234375 0.08984375