3 0.46640625 0.20703125 0.0609375 0.0578125
3 0.171875 0.4515625 0.05078125 0.11796875
3 0.6875 0.65625 0.09765625 0.16640625
3 0.02421875 0.390625 0.0453125 0.11484375
3 0.73828125 0.496875 0.08984375 0.14609375
3 0.87578125 0.83125 0.134375 0.2046875
3 0.225 0.41328125 0.05859375 0.13203125
3 0.8859375 0.66640625 0.11875 0.159375
3 0.98125 0.22421875 0.0328125 0.065625
4 0.8109375 0.16328125 0.02734375 0.096875
4 0.765625 0.1546875 0.01953125 0.07265625
4 0.46171875 0.17890625 0.0296875 0.08671875
4 0.6953125 0.628125 0.0546875 0.1875
4 0.740625 0.46328125 0.046875 0.121875
4 0.33203125 0.46875 0.046875 0.1734375
1 0.4515625 0.70859375 0.38671875 0.3609375
1 0.0859375 0.23984375 0.109375 0.18046875
1 0.24609375 0.25859375 0.12890625 0.190625
1 0.90546875 0.5796875 0.1859375 0.278125
1 0.12578125 0.10390625 0.0796875 0.125
1 0.3953125 0.41484375 0.178125 0.246875
4 0.16875 0.3953125 0.02109375 0.10859375
4 0.01875 0.3328125 0.028125 0.075
4 0.009375 0.23125 0.01875 0.078125
3 0.021875 0.19921875 0.02734375 0.06484375
4 0.01953125 0.15625 0.0234375 0.078125
4 0.04296875 0.1375 0.02421875 0.05625
4 0.8921875 0.609375 0.06015625 0.14453125
4 0.878125 0.765625 0.04453125 0.14453125
4 0.771875 0.465625 0.03984375 0.11640625
3 0.3796875 0.20078125 0.0578125 0.0578125
4 0.35859375 0.15859375 0.01875 0.08671875
4 0.37265625 0.15859375 0.0203125 0.0703125
3 0.40703125 0.17265625 0.03984375 0.0671875
4 0.3921875 0.12734375 0.015625 0.06875
3 0.396875 0.30390625 0.0625 0.0765625
4 0.38203125 0.26015625 0.0203125 0.065625
4 0.38984375 0.25625 0.0140625 0.08359375
3 0.284375 0.1890625 0.03046875 0.08203125
4 0.271875 0.1453125 0.0203125 0.06875
4 0.28203125 0.1484375 0.01796875 0.071875
3 0.171875 0.328125 0.0453125 0.08515625
4 0.16015625 0.27578125 0.0140625 0.08203125
4 0.175 0.275 0.02734375 0.08359375
3 0.15078125 0.228125 0.03125 0.0765625
4 0.15234375 0.1859375 0.021875 0.06875
4 0.1859375 0.1484375 0.01484375 0.05
4 0.20625 0.35078125 0.0171875 0.10546875
4 0.221875 0.35703125 0.021875 0.10546875
3 0.30625 0.1078125 0.034375 0.03984375
4 0.30703125 0.075 0.01875 0.0671875
4 0.20390625 0.075 0.015625 0.0484375
4 0.2125 0.0953125 0.01484375 0.0359375
3 0.63359375 0.1453125 0.03203125 0.05234375
1 0.96171875 0.13984375 0.07578125 0.12890625
3 0.21796875 0.153125 0.03203125 0.03359375
3 0.0203125 0.28828125 0.0265625 0.06015625
1 0.90234375 0.94765625 0.1953125 0.096875