1 0.74375 0.39765625 0.14453125 0.1703125
5 0.484375 0.35234375 0.23828125 0.27421875
5 0.6984375 0.2203125 0.11875 0.19765625
1 0.52109375 0.640625 0.33828125 0.33984375
1 0.10234375 0.37578125 0.20234375 0.19921875
1 0.6984375 0.5421875 0.2046875 0.221875
3 0.8125 0.75703125 0.046875 0.11484375
4 0.825 0.66171875 0.05 0.109375
4 0.8 0.9546875 0.0796875 0.090625
4 0.8890625 0.86796875 0.0625 0.15546875
3 0.88828125 0.65859375 0.04140625 0.09921875
4 0.90390625 0.56484375 0.04140625 0.10625
4 0.88515625 0.490625 0.03515625 0.09609375
3 0.8796875 0.43125 0.03515625 0.06171875
4 0.8875 0.3828125 0.02890625 0.07890625
4 0.76640625 0.22578125 0.01875 0.05234375
3 0.22265625 0.365625 0.0625 0.0828125
4 0.21484375 0.31953125 0.021875 0.078125
4 0.1390625 0.26484375 0.0203125 0.0515625
4 0.1515625 0.26328125 0.02421875 0.0609375
4 0.23984375 0.3109375 0.02421875 0.06640625