1 0.76640625 0.69765625 0.2203125 0.25
1 0.41328125 0.60390625 0.13125 0.20859375
5 0.2203125 0.296875 0.0546875 0.159375
3 0.2640625 0.97109375 0.06328125 0.05703125
4 0.25703125 0.8875 0.0484375 0.1125
3 0.29296875 0.8046875 0.04921875 0.13671875
4 0.2828125 0.70546875 0.03984375 0.08359375
3 0.3390625 0.7609375 0.05859375 0.13203125
3 0.4078125 0.8484375 0.0796875 0.1640625
4 0.3953125 0.74609375 0.03203125 0.10703125
3 0.49921875 0.80546875 0.08671875 0.15078125
4 0.4890625 0.74375 0.0359375 0.1484375
3 0.8625 0.92109375 0.121875 0.1578125
4 0.8765625 0.88125 0.03828125 0.140625
4 0.8953125 0.65703125 0.034375 0.1140625
3 0.2953125 0.6484375 0.04296875 0.09140625
4 0.32578125 0.671875 0.03125 0.0875
4 0.4046875 0.68046875 0.0375 0.08671875
3 0.2546875 0.56875 0.04609375 0.09921875
4 0.29296875 0.57578125 0.0359375 0.08125
3 0.1921875 0.53046875 0.034375 0.09375
4 0.2515625 0.50390625 0.0265625 0.06171875
3 0.521875 0.5109375 0.053125 0.08125
4 0.5203125 0.4578125 0.025 0.071875
4 0.93984375 0.62578125 0.03203125 0.10234375
4 0.928125 0.56171875 0.02734375 0.09453125
4 0.9765625 0.6953125 0.04453125 0.09765625