3 0.05 0.675 0.1 0.1453125
4 0.03671875 0.6046875 0.046875 0.1015625
3 0.171875 0.425 0.0859375 0.09375
3 0.12109375 0.30625 0.06171875 0.07890625
3 0.321875 0.371875 0.08046875 0.0765625
3 0.48046875 0.42109375 0.0859375 0.08671875
3 0.8640625 0.6453125 0.0296875 0.08984375
3 0.67890625 0.5984375 0.08671875 0.13203125
4 0.6828125 0.53671875 0.03515625 0.1
4 0.165625 0.3765625 0.03203125 0.08046875
4 0.3265625 0.3390625 0.03359375 0.08046875
4 0.471875 0.37265625 0.03203125 0.09140625
4 0.1140625 0.27421875 0.02734375 0.084375
3 0.796875 0.3359375 0.046875 0.06875
4 0.79921875 0.2828125 0.025 0.07421875
3 0.834375 0.40078125 0.040625 0.0828125
4 0.83671875 0.340625 0.0296875 0.0734375
3 0.97890625 0.534375 0.03984375 0.09609375
4 0.96796875 0.47578125 0.03515625 0.14453125
4 0.8734375 0.55546875 0.04921875 0.09609375