1 0.8015625 0.36640625 0.11875 0.15625
1 0.178125 0.5171875 0.21875 0.2015625
3 0.29375 0.6921875 0.0453125 0.125
4 0.3234375 0.61484375 0.03671875 0.06640625
3 0.165625 0.92265625 0.159375 0.1453125
4 0.15 0.85546875 0.046875 0.15
3 0.47265625 0.91171875 0.16015625 0.16015625
4 0.46484375 0.83125 0.059375 0.14765625
3 0.64921875 0.846875 0.115625 0.17890625
4 0.6453125 0.77265625 0.0453125 0.12734375
3 0.8046875 0.93515625 0.0515625 0.12890625
4 0.8125 0.81796875 0.04921875 0.121875
3 0.7609375 0.7203125 0.06875 0.125
4 0.76953125 0.63515625 0.0375 0.10703125
5 0.490625 0.31796875 0.19375 0.2140625
3 0.96796875 0.73046875 0.06328125 0.18671875
4 0.978125 0.63125 0.03828125 0.1140625
3 0.24765625 0.30859375 0.0703125 0.07421875
4 0.24609375 0.2703125 0.0203125 0.07734375
3 0.0640625 0.29921875 0.06484375 0.0828125
4 0.06171875 0.2578125 0.02734375 0.05703125
3 0.33515625 0.25625 0.0578125 0.06796875
4 0.3171875 0.22578125 0.02421875 0.06640625
4 0.33671875 0.22578125 0.02421875 0.0890625
3 0.3703125 0.32421875 0.04765625 0.07734375
4 0.36875 0.26953125 0.02421875 0.06796875