1 0.64765625 0.53828125 0.1703125 0.159375
3 0.23203125 0.73984375 0.04140625 0.1265625
4 0.228125 0.63125 0.04140625 0.0625
3 0.2234375 0.97421875 0.08125 0.0515625
4 0.2171875 0.9 0.05859375 0.10546875
4 0.359375 0.9515625 0.0625 0.096875
3 0.309375 0.853125 0.05 0.1359375
4 0.2984375 0.740625 0.05 0.0875
4 0.4265625 0.74765625 0.03203125 0.0734375
3 0.44609375 0.67578125 0.0609375 0.12109375
4 0.4421875 0.596875 0.034375 0.0765625
3 0.78828125 0.640625 0.0390625 0.0953125
4 0.7890625 0.56953125 0.02734375 0.08203125
3 0.95703125 0.68046875 0.0859375 0.13203125
4 0.98046875 0.62734375 0.03828125 0.0921875
3 0.29921875 0.640625 0.03359375 0.1140625
3 0.43828125 0.85234375 0.0640625 0.15703125
3 0.21640625 0.5765625 0.034375 0.08671875
4 0.2125 0.51015625 0.034375 0.05234375
4 0.29375 0.5578125 0.040625 0.05390625
4 0.6453125 0.43203125 0.0234375 0.06171875