1 0.8734375 0.85234375 0.25 0.28828125
3 0.27890625 0.959375 0.09609375 0.08046875
4 0.26484375 0.90859375 0.04453125 0.121875
3 0.1734375 0.9078125 0.0640625 0.15625
4 0.165625 0.79296875 0.03671875 0.08984375
3 0.37890625 0.83828125 0.08046875 0.1703125
4 0.371875 0.75078125 0.03515625 0.0890625
3 0.21875 0.82578125 0.04375 0.146875
4 0.2109375 0.71796875 0.0390625 0.07421875
4 0.2484375 0.66796875 0.03359375 0.08125
3 0.26953125 0.7640625 0.04375 0.13359375
4 0.3125 0.65390625 0.0328125 0.10234375
4 0.36640625 0.67265625 0.02890625 0.07578125
5 0.25078125 0.425 0.11015625 0.2609375
0 0.56640625 0.359375 0.171875 0.25859375