1 0.3390625 0.453125 0.134375 0.15625
1 0.13984375 0.35078125 0.1265625 0.1109375
3 0.378125 0.5921875 0.0375 0.11171875
4 0.38828125 0.52734375 0.02109375 0.0671875
3 0.0796875 0.76171875 0.05625 0.12421875
4 0.06875 0.6734375 0.04765625 0.07890625
3 0.27734375 0.8 0.040625 0.15
4 0.27734375 0.69765625 0.0421875 0.0703125
3 0.03984375 0.94296875 0.0640625 0.1140625
4 0.02890625 0.85390625 0.04140625 0.08671875
3 0.43359375 0.525 0.05078125 0.090625
4 0.440625 0.4765625 0.02109375 0.06796875
0 0.9125 0.29921875 0.17421875 0.1671875