1 0.80625 0.3125 0.109375 0.1390625
1 0.70234375 0.440625 0.1546875 0.159375
1 0.60078125 0.3125 0.1109375 0.153125
1 0.40078125 0.56328125 0.2515625 0.2421875
3 0.703125 0.92890625 0.07421875 0.10703125
4 0.71796875 0.8265625 0.0421875 0.10546875
3 0.89609375 0.94921875 0.05703125 0.1015625
4 0.89921875 0.8578125 0.06484375 0.12734375
3 0.69765625 0.74375 0.025 0.1296875
4 0.7203125 0.66171875 0.0484375 0.11953125
3 0.80625 0.74140625 0.04375 0.115625
4 0.81796875 0.6421875 0.04375 0.11171875
3 0.828125 0.8859375 0.040625 0.15546875
4 0.84296875 0.7796875 0.04921875 0.09921875
4 0.35546875 0.41171875 0.03359375 0.06796875
4 0.2234375 0.2203125 0.025 0.0734375
3 0.29296875 0.29921875 0.071875 0.075
4 0.2890625 0.24921875 0.0234375 0.0484375
3 0.12421875 0.35 0.09921875 0.0921875
4 0.1140625 0.3 0.02421875 0.0765625
3 0.24375 0.4671875 0.1015625 0.1046875
4 0.24453125 0.4140625 0.0328125 0.08203125
4 0.2703125 0.40546875 0.0375 0.09609375
3 0.81796875 0.51953125 0.03046875 0.0890625
4 0.83671875 0.446875 0.03515625 0.08359375