5 0.2890625 0.25703125 0.05078125 0.125
3 0.37421875 0.85390625 0.07578125 0.175
4 0.37109375 0.74921875 0.04296875 0.08984375
3 0.52265625 0.7875 0.07265625 0.153125
4 0.51484375 0.69296875 0.03671875 0.10234375
3 0.571875 0.7046875 0.0703125 0.153125
4 0.56875 0.63671875 0.028125 0.0921875
3 0.6546875 0.8921875 0.09765625 0.215625
4 0.65078125 0.80546875 0.04375 0.1328125
3 0.44921875 0.825 0.0671875 0.1484375
4 0.44375 0.72265625 0.040625 0.10546875
3 0.7765625 0.53125 0.0671875 0.103125
4 0.7875 0.48203125 0.03046875 0.075
3 0.634375 0.4546875 0.04375 0.07890625
4 0.6421875 0.4125 0.0234375 0.059375
3 0.1984375 0.5609375 0.0375 0.1109375
3 0.26875 0.6 0.04140625 0.1109375
4 0.265625 0.51953125 0.0328125 0.0609375
4 0.19375 0.4859375 0.0359375 0.04921875
3 0.3640625 0.64921875 0.05078125 0.1265625
3 0.2375 0.9609375 0.05546875 0.078125
4 0.23984375 0.87109375 0.05 0.0890625