1 0.5421875 0.684375 0.15 0.278125
5 0.3015625 0.3875 0.1109375 0.26015625
3 0.35859375 0.78515625 0.0578125 0.15859375
4 0.359375 0.68203125 0.040625 0.08984375
3 0.2625 0.64609375 0.05078125 0.12890625
4 0.2609375 0.553125 0.03984375 0.06328125
3 0.4609375 0.91328125 0.0625 0.1734375
3 0.7890625 0.78359375 0.03828125 0.1125
4 0.70390625 0.7359375 0.0359375 0.109375
3 0.75625 0.70390625 0.040625 0.11015625
3 0.73984375 0.48203125 0.06484375 0.07890625
3 0.9578125 0.85 0.0515625 0.11015625
3 0.85078125 0.8609375 0.046875 0.11015625
3 0.69296875 0.909375 0.10546875 0.12421875
4 0.690625 0.83125 0.0421875 0.09609375
4 0.4625 0.8 0.046875 0.103125
4 0.8078125 0.69140625 0.0375 0.1015625
4 0.7671875 0.62578125 0.03359375 0.08828125
4 0.7390625 0.4375 0.0296875 0.0640625
4 0.86875 0.76796875 0.04921875 0.10390625
4 0.971875 0.7578125 0.04921875 0.10234375
1 0.93203125 0.54453125 0.1078125 0.209375
1 0.39609375 0.33671875 0.09375 0.1546875