0 0.41875 0.471875 0.2125 0.346875
3 0.25078125 0.70703125 0.04765625 0.1359375
3 0.28359375 0.93359375 0.0640625 0.1328125
3 0.3875 0.9265625 0.053125 0.146875
3 0.49375 0.94765625 0.09765625 0.10390625
4 0.49296875 0.88515625 0.053125 0.10703125
4 0.271875 0.828125 0.040625 0.08671875
4 0.378125 0.83359375 0.040625 0.09765625
4 0.3578125 0.803125 0.0296875 0.0921875
4 0.2484375 0.61796875 0.03203125 0.0546875
4 0.20078125 0.51640625 0.0234375 0.059375
3 0.70859375 0.7375 0.09375 0.1453125
4 0.70546875 0.66796875 0.02734375 0.0890625
3 0.55 0.85234375 0.08046875 0.171875
4 0.53828125 0.75703125 0.03359375 0.11015625
4 0.65625 0.9515625 0.0703125 0.096875