3 0.15 0.52890625 0.10625 0.1078125
4 0.13671875 0.47578125 0.03828125 0.0921875
3 0.1328125 0.66484375 0.12265625 0.11640625
4 0.10859375 0.59765625 0.0484375 0.08828125
3 0.40390625 0.8484375 0.10859375 0.20078125
4 0.40234375 0.75 0.04921875 0.1015625
4 0.5859375 0.45390625 0.040625 0.06875
3 0.2265625 0.3125 0.075 0.08203125
4 0.23046875 0.2671875 0.028125 0.0609375
3 0.06015625 0.73671875 0.1203125 0.14375
4 0.02734375 0.67109375 0.04453125 0.1234375
1 0.67265625 0.80859375 0.2140625 0.3828125
1 0.76875 0.478125 0.13828125 0.25078125
5 0.7765625 0.1625 0.08828125 0.1921875
3 0.3203125 0.3984375 0.07265625 0.08359375
3 0.0453125 0.35546875 0.06953125 0.0890625
3 0.14765625 0.32890625 0.0734375 0.078125
3 0.4296875 0.37578125 0.0703125 0.08828125
3 0.540625 0.34453125 0.0515625 0.0734375
4 0.5421875 0.29765625 0.02734375 0.05234375
3 0.66796875 0.24296875 0.0171875 0.06875
4 0.671875 0.1953125 0.01796875 0.0421875
3 0.69375 0.2453125 0.01640625 0.07265625
4 0.6953125 0.19765625 0.01953125 0.0375
4 0.04609375 0.31015625 0.02890625 0.06796875