5 0.3328125 0.21875 0.05625 0.10390625
3 0.4515625 0.79765625 0.05859375 0.15078125
4 0.446875 0.6921875 0.0390625 0.0734375
3 0.540625 0.9515625 0.09765625 0.096875
4 0.53515625 0.89765625 0.04609375 0.1140625
3 0.67265625 0.91875 0.1015625 0.1625
4 0.66640625 0.8453125 0.053125 0.12578125
3 0.55 0.6875 0.0734375 0.134375
3 0.409375 0.61953125 0.0453125 0.1
3 0.4375 0.5734375 0.03671875 0.10390625
4 0.40703125 0.5375 0.03515625 0.0609375
4 0.43046875 0.5 0.03515625 0.05859375
3 0.4890625 0.56015625 0.04453125 0.096875
4 0.4828125 0.49921875 0.03203125 0.0671875
3 0.2171875 0.5421875 0.04296875 0.096875
3 0.28359375 0.4578125 0.04375 0.05390625
4 0.28125 0.415625 0.025 0.0484375
4 0.7171875 0.4890625 0.0375 0.08359375
4 0.52734375 0.59375 0.02109375 0.075
4 0.54375 0.603125 0.0296875 0.0640625