3 0.47578125 0.65390625 0.07265625 0.12109375
4 0.46796875 0.5796875 0.0375 0.08828125
3 0.390625 0.77578125 0.13359375 0.1390625
4 0.3796875 0.7171875 0.0375 0.1375
3 0.35625 0.3828125 0.07734375 0.07734375
4 0.353125 0.33828125 0.034375 0.0640625
3 0.2625 0.8375 0.134375 0.16484375
4 0.2453125 0.759375 0.05 0.1203125
3 0.6578125 0.8703125 0.14609375 0.165625
4 0.6515625 0.7890625 0.06484375 0.10234375
4 0.64453125 0.6828125 0.05390625 0.11015625
3 0.853125 0.6671875 0.04453125 0.11640625
4 0.85859375 0.58359375 0.03671875 0.1015625