1 0.38515625 0.57578125 0.12421875 0.26640625
5 0.3375 0.8984375 0.25078125 0.203125
1 0.109375 0.8984375 0.21796875 0.203125
3 0.1015625 0.7453125 0.0796875 0.20078125
4 0.09609375 0.65546875 0.053125 0.0921875
3 0.6875 0.86171875 0.1171875 0.1859375
4 0.69765625 0.7734375 0.0515625 0.09921875
3 0.51875 0.73046875 0.0625 0.159375
4 0.5109375 0.6296875 0.0421875 0.11015625
3 0.54765625 0.51015625 0.04375 0.1015625
4 0.54609375 0.44140625 0.034375 0.071875
4 0.959375 0.43671875 0.040625 0.14453125
1 0.9203125 0.7640625 0.15859375 0.2734375
3 0.17109375 0.56484375 0.06796875 0.12890625
4 0.16171875 0.4921875 0.03671875 0.08203125
3 0.2078125 0.421875 0.034375 0.096875
4 0.20625 0.35546875 0.0296875 0.0515625
3 0.621875 0.4140625 0.071875 0.09609375
3 0.74140625 0.4421875 0.08125 0.1109375
3 0.71328125 0.41640625 0.07890625 0.1140625
3 0.55 0.290625 0.0703125 0.0953125
3 0.0328125 0.59453125 0.065625 0.0828125