3 0.215625 0.5640625 0.053125 0.10390625
4 0.21015625 0.48203125 0.0328125 0.0875
3 0.125 0.54453125 0.0875 0.13984375
4 0.12578125 0.4875 0.03125 0.090625
3 0.159375 0.70078125 0.06328125 0.14140625
4 0.14609375 0.6109375 0.04140625 0.09453125
3 0.03203125 0.28671875 0.0609375 0.07734375
4 0.02734375 0.23515625 0.028125 0.06640625
3 0.06875 0.27578125 0.0453125 0.06953125
4 0.0578125 0.225 0.034375 0.075
3 0.2171875 0.3265625 0.075 0.0828125
4 0.2109375 0.2734375 0.02578125 0.07421875
3 0.315625 0.490625 0.06796875 0.12578125
4 0.315625 0.42265625 0.03203125 0.071875
3 0.79765625 0.70234375 0.03984375 0.1203125
4 0.80546875 0.615625 0.0453125 0.1046875
3 0.83046875 0.8703125 0.0453125 0.15078125
4 0.83828125 0.76953125 0.0515625 0.121875
4 0.7671875 0.940625 0.0484375 0.11875
3 0.61796875 0.6234375 0.046875 0.121875
4 0.62265625 0.54453125 0.0359375 0.10234375
1 0.40390625 0.6984375 0.2625 0.26484375
3 0.01484375 0.69453125 0.02890625 0.1203125
3 0.88203125 0.6609375 0.04375 0.1171875
4 0.88671875 0.575 0.0375 0.09765625
4 0.8609375 0.41953125 0.0359375 0.09375
4 0.91015625 0.41171875 0.02890625 0.0828125