0 0.67421875 0.44765625 0.2484375 0.31484375
3 0.41796875 0.6015625 0.05234375 0.11015625
4 0.41015625 0.51796875 0.03046875 0.0734375
3 0.3546875 0.790625 0.05859375 0.1546875
4 0.3453125 0.6859375 0.05234375 0.07890625
3 0.54375 0.81484375 0.0703125 0.1609375
4 0.54140625 0.72578125 0.040625 0.09453125
3 0.6421875 0.81328125 0.08125 0.18046875
4 0.64140625 0.734375 0.03515625 0.0890625
3 0.909375 0.65859375 0.084375 0.13671875
4 0.9203125 0.5984375 0.03203125 0.08984375
3 0.26484375 0.6578125 0.0375 0.11640625
4 0.29375 0.96875 0.05625 0.0625
3 0.45078125 0.98046875 0.05390625 0.0390625
4 0.4515625 0.915625 0.053125 0.1125
4 0.54765625 0.946875 0.05546875 0.10625
3 0.63046875 0.675 0.09609375 0.1125
1 0.8921875 0.8578125 0.21484375 0.284375
1 0.3859375 0.28828125 0.06875 0.08515625
3 0.20546875 0.5109375 0.0359375 0.09140625
4 0.203125 0.45234375 0.03046875 0.04296875
4 0.60390625 0.60078125 0.03046875 0.1125
4 0.628125 0.6109375 0.03125 0.09609375
4 0.2625 0.5765625 0.03046875 0.06015625
3 0.378125 0.46953125 0.03203125 0.0859375