5 0.2078125 0.359375 0.25625 0.23984375
5 0.55390625 0.3140625 0.2328125 0.2953125
5 0.921875 0.059375 0.0703125 0.11796875
1 0.51640625 0.90390625 0.2296875 0.19140625
5 0.671875 0.571875 0.20078125 0.38828125
3 0.3546875 0.37265625 0.06328125 0.0828125
4 0.3515625 0.325 0.03046875 0.07890625
3 0.7921875 0.68203125 0.0375 0.08984375
4 0.809375 0.571875 0.0390625 0.0734375
3 0.8484375 0.721875 0.0375 0.11796875
4 0.8609375 0.65 0.0390625 0.09921875
3 0.8765625 0.525 0.0390625 0.0859375
4 0.88515625 0.4546875 0.03984375 0.09375
1 0.78046875 0.4109375 0.09453125 0.19140625
5 0.75859375 0.15390625 0.1046875 0.19140625
5 0.84140625 0.21796875 0.11796875 0.22265625