5 0.25234375 0.78046875 0.33203125 0.4390625
1 0.32890625 0.109375 0.05859375 0.08828125
3 0.23515625 0.39296875 0.04296875 0.10546875
4 0.23203125 0.32890625 0.0265625 0.0453125
4 0.096875 0.48515625 0.053125 0.140625
3 0.4671875 0.63828125 0.0375 0.10390625
4 0.465625 0.553125 0.0375 0.1109375
3 0.778125 0.80234375 0.128125 0.13125
4 0.79921875 0.740625 0.040625 0.1328125
4 0.96953125 0.4296875 0.05078125 0.15078125
3 0.9359375 0.62421875 0.12734375 0.12734375
3 0.93359375 0.78125 0.1328125 0.14609375
1 0.97421875 0.90859375 0.0515625 0.1796875
4 0.9640625 0.7109375 0.04453125 0.125