1 0.3578125 0.45234375 0.1640625 0.13125
3 0.2296875 0.9234375 0.0796875 0.153125
4 0.221875 0.825 0.06328125 0.09296875
3 0.39921875 0.93359375 0.0890625 0.1328125
4 0.40234375 0.8859375 0.04296875 0.10859375
1 0.578125 0.54140625 0.16953125 0.17890625
3 0.81796875 0.63984375 0.065625 0.11640625
4 0.82421875 0.58671875 0.02578125 0.0734375
3 0.71484375 0.75234375 0.07734375 0.15234375
4 0.72109375 0.68359375 0.028125 0.09375
3 0.7 0.58984375 0.06015625 0.10859375
4 0.70390625 0.53828125 0.02421875 0.08125
3 0.596875 0.33046875 0.05078125 0.053125
4 0.8828125 0.4015625 0.0203125 0.0515625
4 0.94609375 0.4609375 0.0234375 0.0515625
4 0.6953125 0.459375 0.0203125 0.06328125
4 0.71171875 0.4625 0.01953125 0.0671875