5 0.675 0.5625 0.19375 0.375
5 0.92578125 0.0328125 0.05078125 0.065625
5 0.8046875 0.1078125 0.10546875 0.153125
4 0.85625 0.81015625 0.065625 0.15234375
3 0.43984375 0.68203125 0.11328125 0.14140625
4 0.44609375 0.625 0.034375 0.1046875
3 0.2796875 0.90625 0.06328125 0.14921875
4 0.27265625 0.79296875 0.053125 0.10859375
3 0.06171875 0.9109375 0.12109375 0.178125
4 0.040625 0.8140625 0.065625 0.140625
3 0.08203125 0.60703125 0.1015625 0.1296875
4 0.0703125 0.5375 0.04140625 0.11640625
3 0.05546875 0.41171875 0.084375 0.08671875
4 0.05 0.36953125 0.03125 0.07578125
3 0.3359375 0.31171875 0.06953125 0.071875
4 0.334375 0.25703125 0.02734375 0.06328125
3 0.5296875 0.6078125 0.065625 0.10859375
4 0.528125 0.5296875 0.0375 0.09140625
4 0.49296875 0.44140625 0.02421875 0.071875
4 0.55 0.45078125 0.0328125 0.0890625
4 0.475 0.453125 0.028125 0.07109375
4 0.48515625 0.378125 0.025 0.0609375
3 0.80390625 0.46015625 0.07890625 0.10078125
4 0.80234375 0.41015625 0.025 0.07890625
4 0.43046875 0.553125 0.0375 0.1
4 0.4484375 0.49765625 0.02734375 0.08203125
3 0.3921875 0.38359375 0.05703125 0.090625
4 0.12421875 0.38359375 0.0296875 0.07265625
4 0.1921875 0.575 0.03203125 0.0890625
3 0.30703125 0.6421875 0.11875 0.121875
4 0.26953125 0.5828125 0.03359375 0.0859375
4 0.29921875 0.57734375 0.03671875 0.08515625
3 0.896875 0.39921875 0.0375 0.075
4 0.8984375 0.34296875 0.03125 0.07890625
4 0.4015625 0.3328125 0.0234375 0.07109375
3 0.4375 0.26015625 0.05 0.07109375
3 0.228125 0.31328125 0.075 0.08828125