3 0.6546875 0.8875 0.1046875 0.21875
4 0.653125 0.8015625 0.05 0.10703125
3 0.7921875 0.94296875 0.109375 0.1140625
4 0.8015625 0.9078125 0.04296875 0.134375
3 0.72421875 0.796875 0.08828125 0.171875
4 0.7171875 0.7109375 0.0328125 0.11015625
3 0.3546875 0.83359375 0.05859375 0.153125
4 0.34921875 0.7234375 0.046875 0.08125
4 0.27890625 0.81015625 0.04140625 0.1234375
3 0.20703125 0.75546875 0.046875 0.14375
3 0.2625 0.68046875 0.0484375 0.1375
4 0.2078125 0.66171875 0.0375 0.071875
4 0.2609375 0.58828125 0.0375 0.07421875
4 0.328125 0.61953125 0.046875 0.075
3 0.50859375 0.65859375 0.06875 0.1265625
4 0.5078125 0.5875 0.0328125 0.0984375
3 0.4171875 0.50625 0.03515625 0.09375
4 0.4140625 0.45 0.034375 0.0734375
3 0.3921875 0.64765625 0.05 0.12265625
4 0.38671875 0.56953125 0.03828125 0.05546875
4 0.2171875 0.54140625 0.04296875 0.06796875
1 0.71796875 0.51171875 0.19375 0.21640625
1 0.5640625 0.49609375 0.13203125 0.16640625
3 0.3046875 0.478125 0.03046875 0.090625