3 0.14765625 0.7609375 0.14375 0.13671875
4 0.13203125 0.6953125 0.0453125 0.11171875
3 0.04453125 0.55859375 0.0890625 0.134375
4 0.0421875 0.48984375 0.03515625 0.0859375
4 0.43125 0.68046875 0.04296875 0.10078125
3 0.4359375 0.6109375 0.090625 0.1
4 0.4359375 0.5609375 0.03203125 0.08828125
3 0.3859375 0.5734375 0.09375 0.084375
4 0.38203125 0.51640625 0.02890625 0.0734375
3 0.57734375 0.80234375 0.06953125 0.1640625
4 0.5765625 0.73203125 0.0375 0.07890625
4 0.625 0.9078125 0.0515625 0.09765625
4 0.615625 0.85625 0.046875 0.08671875
3 0.43359375 0.7375 0.1046875 0.13203125
3 0.1625 0.48671875 0.0671875 0.08828125
4 0.16171875 0.43125 0.034375 0.0703125
3 0.55234375 0.653125 0.06484375 0.1109375
4 0.55234375 0.590625 0.03359375 0.0875