1 0.38671875 0.55859375 0.1296875 0.28828125
1 0.3375 0.91640625 0.21875 0.16640625
3 0.6796875 0.6921875 0.10234375 0.11796875
4 0.678125 0.63359375 0.0375 0.1046875
3 0.5609375 0.7828125 0.05859375 0.14375
4 0.60078125 0.71484375 0.04375 0.12421875
3 0.60234375 0.8734375 0.12578125 0.1296875
4 0.6171875 0.828125 0.04140625 0.12734375
3 0.8 0.93046875 0.1625 0.1390625
4 0.81015625 0.896875 0.04140625 0.20546875
4 0.60390625 0.94296875 0.0609375 0.1140625
3 0.475 0.92265625 0.05703125 0.1453125
4 0.46875 0.809375 0.05625 0.109375
3 0.5921875 0.403125 0.07734375 0.0828125
3 0.5375 0.428125 0.04609375 0.1140625
4 0.59921875 0.3671875 0.0203125 0.090625
4 0.48359375 0.39921875 0.0390625 0.07890625
4 0.5359375 0.353125 0.03203125 0.05625
4 0.69921875 0.96640625 0.06953125 0.06640625
1 0.30625 0.278125 0.078125 0.15703125
1 0.3890625 0.1203125 0.06328125 0.09609375
1 0.12890625 0.8140625 0.23125 0.371875
3 0.0328125 0.59140625 0.065625 0.0796875
3 0.5515625 0.2890625 0.07109375 0.08046875