1 0.5546875 0.465625 0.23046875 0.20859375
5 0.1859375 0.425 0.3671875 0.371875
3 0.23828125 0.715625 0.11875 0.13828125
3 0.47265625 0.85390625 0.1453125 0.1421875
3 0.8828125 0.628125 0.0390625 0.1125
4 0.9 0.54453125 0.04140625 0.10625
3 0.7296875 0.57734375 0.07578125 0.11171875
4 0.71328125 0.515625 0.03515625 0.08203125
3 0.7515625 0.8125 0.09609375 0.16171875
4 0.75078125 0.73515625 0.05078125 0.1171875
3 0.8890625 0.93203125 0.075 0.1359375
4 0.909375 0.9046875 0.0515625 0.1328125
4 0.4609375 0.6984375 0.03359375 0.08671875
3 0.4828125 0.62578125 0.11328125 0.125
4 0.45078125 0.57578125 0.034375 0.0953125
4 0.47890625 0.57734375 0.040625 0.103125
3 0.5578125 0.71875 0.1 0.15
4 0.5578125 0.6421875 0.0375 0.11171875
4 0.1203125 0.2484375 0.02734375 0.065625
3 0.546875 0.34375 0.0640625 0.06640625
4 0.5453125 0.30703125 0.02265625 0.07109375
4 0.1984375 0.62890625 0.02578125 0.08984375
4 0.2203125 0.63984375 0.0421875 0.09765625
4 0.43828125 0.765625 0.0375 0.1375
4 0.46640625 0.78671875 0.0484375 0.1140625
1 0.7578125 0.3484375 0.1453125 0.16875
1 0.82734375 0.46484375 0.1671875 0.1921875
5 0.89453125 0.171875 0.07265625 0.14375
1 0.81796875 0.25859375 0.08046875 0.12734375