5 0.17890625 0.46015625 0.11875 0.2046875
3 0.1859375 0.759375 0.0515625 0.1390625
4 0.17109375 0.665625 0.034375 0.07109375
3 0.86328125 0.88203125 0.10390625 0.1796875
4 0.8765625 0.8265625 0.04765625 0.11953125
3 0.96875 0.9203125 0.0625 0.153125
3 0.71484375 0.58046875 0.0796875 0.10859375
4 0.72265625 0.540625 0.02734375 0.08046875
3 0.3546875 0.58125 0.0734375 0.0921875
4 0.35 0.53046875 0.028125 0.07421875
3 0.45390625 0.52578125 0.06171875 0.078125
4 0.45703125 0.4828125 0.025 0.08125
4 0.371875 0.48125 0.02890625 0.08125
3 0.803125 0.53671875 0.071875 0.09609375
4 0.8109375 0.49453125 0.02734375 0.071875