1 0.41484375 0.80390625 0.1390625 0.28125
3 0.5640625 0.90703125 0.06484375 0.16953125
4 0.553125 0.8109375 0.028125 0.10234375
3 0.2421875 0.940625 0.0625 0.11796875
3 0.2765625 0.63984375 0.0296875 0.09765625
4 0.275 0.57109375 0.02421875 0.053125
3 0.325 0.70078125 0.03828125 0.10859375
4 0.3265625 0.61875 0.0359375 0.06953125
4 0.240625 0.85234375 0.04921875 0.071875
3 0.17734375 0.72734375 0.03984375 0.12109375
4 0.17421875 0.64609375 0.04296875 0.0734375
3 0.4578125 0.66484375 0.04453125 0.11015625
4 0.4515625 0.60078125 0.02734375 0.0609375
3 0.54140625 0.69453125 0.04375 0.1015625
4 0.540625 0.61640625 0.034375 0.06953125
3 0.578125 0.625 0.03671875 0.096875
4 0.64609375 0.7328125 0.03046875 0.08046875
4 0.6359375 0.65078125 0.03125 0.07890625
3 0.71484375 0.7296875 0.07734375 0.14296875
4 0.70546875 0.66015625 0.03359375 0.0828125
3 0.653125 0.82109375 0.084375 0.1640625
1 0.80078125 0.54453125 0.2 0.21015625
3 0.784375 0.67890625 0.0671875 0.11171875
4 0.78671875 0.6265625 0.028125 0.08984375
3 0.8171875 0.87109375 0.11015625 0.1859375
4 0.8078125 0.796875 0.03515625 0.115625
1 0.9296875 0.8890625 0.13671875 0.221875
1 0.55625 0.31953125 0.08515625 0.1234375
1 0.51171875 0.46015625 0.121875 0.14609375
4 0.57109375 0.571875 0.0296875 0.06953125
4 0.82265625 0.68046875 0.03125 0.08671875