1 0.74765625 0.8515625 0.3734375 0.296875
3 0.6609375 0.68671875 0.12265625 0.1125
3 0.46328125 0.7125 0.11875 0.1328125
4 0.459375 0.65078125 0.03046875 0.11953125
4 0.67265625 0.65703125 0.02890625 0.1328125
3 0.9125 0.7734375 0.07421875 0.1109375
4 0.8796875 0.70625 0.03515625 0.11953125
3 0.38203125 0.44296875 0.03359375 0.0796875
4 0.378125 0.3640625 0.03125 0.0890625
3 0.425 0.40546875 0.02421875 0.065625
4 0.425 0.3453125 0.03125 0.0640625
3 0.55625 0.50078125 0.06171875 0.13046875
3 0.88046875 0.66015625 0.13359375 0.134375
4 0.940625 0.45390625 0.03203125 0.16171875
4 0.56015625 0.4390625 0.0265625 0.084375
1 0.34765625 0.86953125 0.26796875 0.2609375
3 0.28046875 0.7453125 0.059375 0.096875
4 0.28203125 0.68046875 0.04765625 0.09765625
4 0.2875 0.6328125 0.03828125 0.0703125
3 0.309375 0.53125 0.04765625 0.1171875
3 0.5125 0.35703125 0.040625 0.09296875
4 0.51171875 0.3078125 0.03125 0.0828125
3 0.54765625 0.28671875 0.06875 0.08828125
4 0.40859375 0.284375 0.0234375 0.0609375
4 0.48828125 0.25390625 0.025 0.06640625
4 0.89765625 0.59375 0.0453125 0.10390625