1 0.72265625 0.6125 0.21484375 0.32265625
3 0.746875 0.84765625 0.0765625 0.16640625
4 0.7375 0.76640625 0.0390625 0.125
1 0.625 0.821875 0.2015625 0.35625
1 0.4453125 0.52578125 0.09609375 0.14375
3 0.29375 0.578125 0.02890625 0.08046875
4 0.2875 0.51953125 0.01640625 0.0484375
1 0.3296875 0.46875 0.08046875 0.16875
3 0.284375 0.8828125 0.05625 0.1328125
3 0.15703125 0.92109375 0.0609375 0.1578125
4 0.1484375 0.821875 0.04375 0.07734375
4 0.28046875 0.78515625 0.0375 0.06484375
3 0.35859375 0.96640625 0.0609375 0.06640625
4 0.359375 0.89765625 0.05625 0.10390625
4 0.44375 0.96875 0.04765625 0.06171875
1 0.48515625 0.41015625 0.07890625 0.1265625
1 0.76015625 0.43203125 0.134375 0.12734375
1 0.6296875 0.42734375 0.0859375 0.11796875
1 0.61953125 0.3359375 0.08125 0.1015625
1 0.50859375 0.284375 0.05078125 0.071875
0 0.98125 0.52890625 0.03671875 0.3484375