1 0.7625 0.46171875 0.13125 0.18046875
0 0.76875 0.1578125 0.13125 0.23984375
3 0.80703125 0.61015625 0.09296875 0.14921875
4 0.81875 0.53828125 0.0328125 0.10390625
3 0.89921875 0.5265625 0.03671875 0.13125
3 0.56171875 0.48515625 0.07109375 0.09921875
3 0.6265625 0.4984375 0.0890625 0.10625
3 0.375 0.546875 0.06640625 0.10625
3 0.46484375 0.6515625 0.078125 0.14453125
3 0.2265625 0.31875 0.07734375 0.0765625
3 0.42890625 0.24921875 0.05234375 0.06015625
4 0.2640625 0.47109375 0.03828125 0.09375
4 0.225 0.275 0.02578125 0.075
4 0.5609375 0.4265625 0.0328125 0.08359375
4 0.6296875 0.45078125 0.0328125 0.10859375
4 0.45859375 0.5859375 0.05 0.096875
4 0.36796875 0.484375 0.03828125 0.096875
4 0.0375 0.96640625 0.05625 0.06640625
1 0.04765625 0.45703125 0.0953125 0.23671875
3 0.0328125 0.2640625 0.04921875 0.0828125
4 0.0296875 0.22265625 0.025 0.0796875
4 0.4296875 0.21640625 0.01875 0.06640625
3 0.775 0.35 0.05625 0.06015625
4 0.7765625 0.31484375 0.03203125 0.06875
5 0.8515625 0.225 0.11171875 0.22265625
4 0.90859375 0.45 0.02890625 0.0671875
4 0.9 0.35 0.0296875 0.065625
3 0.890625 0.409375 0.0265625 0.08515625