1 0.64921875 0.8296875 0.36875 0.33359375
1 0.2765625 0.87109375 0.203125 0.2578125
3 0.09765625 0.90234375 0.0796875 0.1953125
4 0.09609375 0.8296875 0.0484375 0.1125
3 0.10546875 0.746875 0.0671875 0.10859375
4 0.10078125 0.6578125 0.04765625 0.1015625
3 0.221875 0.52265625 0.05078125 0.1421875
4 0.2125 0.44765625 0.03359375 0.0703125
1 0.47421875 0.5109375 0.1984375 0.25859375
4 0.70859375 0.60859375 0.0359375 0.1046875
3 0.89921875 0.79609375 0.07734375 0.225
4 0.9015625 0.7203125 0.0421875 0.12890625
3 0.7328125 0.446875 0.0734375 0.11953125
4 0.7375 0.3953125 0.03203125 0.1046875
4 0.48046875 0.36484375 0.0234375 0.0625
1 0.3234375 0.1515625 0.065625 0.19609375
3 0.51796875 0.36015625 0.04609375 0.0859375
4 0.5171875 0.32109375 0.02578125 0.0859375
3 0.2734375 0.39765625 0.03125 0.08125
4 0.27265625 0.328125 0.0234375 0.0578125
3 0.49921875 0.73046875 0.128125 0.140625
4 0.50078125 0.67890625 0.0328125 0.134375