1 0.8984375 0.496875 0.17578125 0.1734375
0 0.4796875 0.61796875 0.2015625 0.4515625
3 0.27421875 0.78515625 0.04765625 0.14765625
4 0.2671875 0.69765625 0.03984375 0.07421875
3 0.3234375 0.69140625 0.03671875 0.1125
4 0.3171875 0.6265625 0.02421875 0.071875
3 0.34296875 0.93359375 0.0421875 0.1125
4 0.33359375 0.8390625 0.04453125 0.10234375
3 0.49375 0.96796875 0.0703125 0.0640625
4 0.48671875 0.9046875 0.05078125 0.1046875
1 0.96015625 0.65 0.07890625 0.22890625
1 0.7453125 0.39921875 0.11953125 0.140625
4 0.8171875 0.26640625 0.01328125 0.03984375
4 0.8296875 0.259375 0.021875 0.065625
1 0.61640625 0.35078125 0.0875 0.12109375
1 0.76328125 0.54140625 0.1453125 0.20703125
1 0.50703125 0.4171875 0.08828125 0.1328125
3 0.690625 0.621875 0.05703125 0.103125
4 0.675 0.55625 0.0140625 0.07109375
4 0.68828125 0.56171875 0.02109375 0.06171875