5 0.16875 0.625 0.3375 0.403125
1 0.29609375 0.5421875 0.253125 0.23671875
1 0.5375 0.72109375 0.3078125 0.29765625
1 0.584375 0.49453125 0.19453125 0.17734375
5 0.76875 0.4796875 0.20078125 0.29609375
3 0.3640625 0.903125 0.16796875 0.1703125
4 0.3546875 0.83203125 0.0453125 0.14921875
3 0.09453125 0.90625 0.1734375 0.1875
4 0.06875 0.82890625 0.04765625 0.14765625
3 0.6859375 0.60703125 0.09765625 0.14375
4 0.6859375 0.55703125 0.04375 0.11796875
3 0.61484375 0.41328125 0.06953125 0.08359375
4 0.6078125 0.37265625 0.02734375 0.06875
1 0.875 0.29921875 0.0921875 0.15
0 0.76875 0.1578125 0.12578125 0.25859375