3 0.7390625 0.9203125 0.146875 0.153125
5 0.06640625 0.8921875 0.1328125 0.20859375
3 0.2640625 0.50234375 0.06484375 0.1015625
4 0.2515625 0.41953125 0.03359375 0.0828125
3 0.13984375 0.61171875 0.053125 0.134375
4 0.1375 0.521875 0.03828125 0.084375
3 0.23359375 0.64921875 0.06328125 0.140625
4 0.23046875 0.5609375 0.03828125 0.0921875
3 0.35 0.31953125 0.0359375 0.096875
4 0.3484375 0.265625 0.02421875 0.05
3 0.94140625 0.621875 0.1171875 0.1734375
3 0.73671875 0.7421875 0.1109375 0.1265625
4 0.74296875 0.69765625 0.046875 0.17734375
4 0.73125 0.88046875 0.053125 0.18984375
3 0.490625 0.759375 0.0453125 0.128125
4 0.4875 0.6671875 0.03125 0.1015625
4 0.403125 0.434375 0.0171875 0.03828125
3 0.41640625 0.70625 0.0515625 0.15703125
4 0.41953125 0.5921875 0.0265625 0.04453125
5 0.3234375 0.14921875 0.08828125 0.2046875