1 0.4171875 0.659375 0.15 0.284375
1 0.43046875 0.8890625 0.2640625 0.221875
1 0.4578125 0.365625 0.128125 0.11953125
3 0.83828125 0.80234375 0.11015625 0.1640625
4 0.84609375 0.73203125 0.0296875 0.09296875
4 0.91171875 0.73359375 0.0359375 0.1140625
3 0.034375 0.93515625 0.065625 0.12890625
4 0.025 0.83046875 0.05 0.1015625
3 0.03515625 0.64921875 0.05625 0.13046875
4 0.0203125 0.56171875 0.0375 0.053125
3 0.66328125 0.66875 0.084375 0.128125
3 0.5234375 0.57265625 0.0625 0.10234375
4 0.5234375 0.5234375 0.028125 0.0921875
4 0.67421875 0.61640625 0.03359375 0.09609375
1 0.63515625 0.34765625 0.12890625 0.12578125
5 0.82890625 0.303125 0.15859375 0.1375
3 0.95625 0.95703125 0.07109375 0.08515625