3 0.38515625 0.95234375 0.0671875 0.0953125
4 0.38359375 0.86796875 0.0453125 0.11015625
3 0.459375 0.7796875 0.07421875 0.15078125
4 0.45234375 0.69140625 0.0375 0.08984375
3 0.2484375 0.69375 0.03359375 0.11875
4 0.24453125 0.60078125 0.0390625 0.075
3 0.16953125 0.68125 0.06015625 0.0921875
4 0.1640625 0.60546875 0.03046875 0.0796875
3 0.25390625 0.9375 0.05078125 0.125
4 0.24609375 0.8234375 0.0421875 0.0921875
4 0.23828125 0.7796875 0.03671875 0.0578125
3 0.328125 0.64765625 0.03828125 0.11796875
4 0.32109375 0.5640625 0.03203125 0.08203125
3 0.74765625 0.7140625 0.08671875 0.1265625
4 0.75234375 0.65625 0.0421875 0.09375
3 0.82578125 0.66328125 0.0671875 0.1171875
4 0.82890625 0.5984375 0.03125 0.0796875
3 0.63828125 0.4890625 0.03984375 0.090625
4 0.6453125 0.44921875 0.0234375 0.059375
3 0.41875 0.64609375 0.05234375 0.10625
1 0.45390625 0.534375 0.14140625 0.2015625
4 0.41953125 0.565625 0.025 0.0609375
3 0.215625 0.5390625 0.0359375 0.09140625
3 0.9796875 0.83359375 0.040625 0.1390625
4 0.8109375 0.528125 0.02265625 0.08359375
5 0.25078125 0.32734375 0.0734375 0.18125