5 0.79296875 0.77109375 0.41015625 0.4515625
5 0.1515625 0.615625 0.303125 0.759375
3 0.2984375 0.95390625 0.06875 0.0921875
4 0.2921875 0.86015625 0.05625 0.11796875
3 0.328125 0.41796875 0.034375 0.09921875
4 0.32421875 0.34765625 0.03359375 0.0703125
3 0.6640625 0.54609375 0.0703125 0.146875
4 0.66328125 0.48046875 0.02890625 0.09375
3 0.49765625 0.315625 0.02890625 0.06484375
4 0.49453125 0.25390625 0.0203125 0.06640625
3 0.38984375 0.4234375 0.03046875 0.07421875
4 0.38828125 0.36015625 0.03359375 0.0859375
3 0.41328125 0.3546875 0.0234375 0.075
4 0.40703125 0.29375 0.02265625 0.06328125
4 0.46484375 0.225 0.0203125 0.05546875
3 0.46875 0.27578125 0.02265625 0.05703125
3 0.553125 0.29296875 0.0671875 0.084375
1 0.32421875 0.2375 0.0765625 0.13046875
4 0.409375 0.496875 0.028125 0.08203125
3 0.4109375 0.56640625 0.0359375 0.06796875