1 0.31953125 0.40625 0.14375 0.13515625
0 0.9 0.45703125 0.18046875 0.303125
1 0.9078125 0.784375 0.18359375 0.340625
1 0.59453125 0.56015625 0.21328125 0.27421875
3 0.8125 0.59921875 0.06875 0.10859375
4 0.83828125 0.5609375 0.02265625 0.0625
4 0.821875 0.54921875 0.01875 0.0640625
3 0.6671875 0.321875 0.0421875 0.0515625
4 0.66875 0.29140625 0.01484375 0.04140625
3 0.63671875 0.33984375 0.0515625 0.046875
4 0.63828125 0.30546875 0.0171875 0.03984375
3 0.08203125 0.3484375 0.05078125 0.0625
4 0.08046875 0.31640625 0.02109375 0.0625
3 0.15078125 0.32109375 0.04765625 0.059375
4 0.11484375 0.3 0.0171875 0.05390625
4 0.15078125 0.29375 0.0171875 0.05