3 0.56015625 0.92578125 0.09140625 0.14296875
4 0.55546875 0.84375 0.04453125 0.121875
3 0.4140625 0.928125 0.0921875 0.14296875
4 0.39921875 0.84296875 0.04609375 0.1203125
3 0.31328125 0.9640625 0.08515625 0.07109375
4 0.31015625 0.9171875 0.05 0.13046875
3 0.2125 0.81640625 0.05390625 0.1359375
4 0.1984375 0.71484375 0.03203125 0.08125
3 0.134375 0.7078125 0.046875 0.1421875
4 0.1328125 0.6109375 0.03359375 0.06953125
3 0.3046875 0.71953125 0.0390625 0.14140625
4 0.30625 0.62734375 0.0390625 0.0734375
3 0.4640625 0.87109375 0.0546875 0.1484375
4 0.446875 0.7625 0.0390625 0.084375
5 0.84453125 0.7703125 0.3078125 0.459375
4 0.7828125 0.94453125 0.05 0.10625
4 0.8015625 0.95703125 0.0484375 0.08515625
3 0.4734375 0.71484375 0.04453125 0.12421875
3 0.40546875 0.66953125 0.03671875 0.115625
3 0.3453125 0.57734375 0.028125 0.0890625
5 0.234375 0.53046875 0.11953125 0.3375
1 0.48984375 0.5765625 0.15078125 0.23125
1 0.6046875 0.503125 0.1484375 0.19609375