1 0.10078125 0.85234375 0.196875 0.28828125
5 0.321875 0.5953125 0.20703125 0.4546875
5 0.3265625 0.0640625 0.06640625 0.128125
3 0.1078125 0.675 0.071875 0.09375
4 0.09609375 0.64453125 0.040625 0.08828125
3 0.22109375 0.5125 0.0546875 0.103125
4 0.22265625 0.44296875 0.03359375 0.07578125
3 0.47890625 0.384375 0.03515625 0.07421875
4 0.47734375 0.32265625 0.03203125 0.07578125
3 0.70625 0.5859375 0.103125 0.1453125
4 0.71796875 0.53203125 0.03203125 0.10078125
3 0.84375 0.6875 0.134375 0.15703125
4 0.86953125 0.6234375 0.03515625 0.103125
1 0.3953125 0.33203125 0.08984375 0.16875
4 0.55390625 0.27890625 0.02890625 0.13046875