3 0.909375 0.62734375 0.03203125 0.0921875
4 0.91953125 0.54375 0.0359375 0.10078125
3 0.1421875 0.6109375 0.11171875 0.1140625
4 0.1328125 0.57265625 0.03125 0.11640625
3 0.17109375 0.490625 0.096875 0.09609375
4 0.16015625 0.4265625 0.0359375 0.07890625
3 0.39296875 0.57734375 0.10625 0.121875
4 0.3609375 0.5109375 0.028125 0.08125
4 0.3765625 0.5078125 0.01796875 0.09375
3 0.3171875 0.75546875 0.13828125 0.125
4 0.278125 0.67890625 0.04296875 0.12578125
4 0.31015625 0.67421875 0.0390625 0.10625
3 0.5375 0.57109375 0.090625 0.1234375
4 0.53359375 0.52265625 0.040625 0.090625
3 0.625 0.4984375 0.078125 0.09375
4 0.6234375 0.4453125 0.02734375 0.0890625
3 0.6828125 0.37421875 0.0546875 0.08515625
4 0.68359375 0.32421875 0.028125 0.07578125
3 0.834375 0.6 0.0375 0.06953125
4 0.8484375 0.5109375 0.0390625 0.08125
3 0.49921875 0.440625 0.078125 0.09140625
4 0.4765625 0.403125 0.0234375 0.0828125
4 0.49453125 0.38984375 0.025 0.07109375
3 0.9796875 0.5453125 0.03984375 0.08984375
3 0.925 0.403125 0.03203125 0.0515625
3 0.39921875 0.2609375 0.053125 0.07734375
4 0.40078125 0.21796875 0.01875 0.06015625
3 0.24140625 0.38046875 0.08125 0.09375
4 0.24296875 0.33203125 0.021875 0.07578125
3 0.11875 0.253125 0.06484375 0.0703125
3 0.19453125 0.2578125 0.03125 0.07578125
3 0.30625 0.24375 0.065625 0.06484375
3 0.0171875 0.46875 0.034375 0.125
3 0.01171875 0.34921875 0.0234375 0.065625