4 0.53046875 0.284375 0.021875 0.1234375
3 0.10859375 0.60859375 0.1015625 0.13359375
4 0.0953125 0.5390625 0.0359375 0.09140625
4 0.15546875 0.4875 0.04453125 0.15
3 0.2046875 0.5109375 0.0421875 0.11796875
3 0.2453125 0.58984375 0.040625 0.11953125
4 0.2421875 0.50234375 0.02890625 0.06484375
4 0.203125 0.42578125 0.03515625 0.05859375
3 0.4578125 0.4875 0.028125 0.0875
4 0.45546875 0.4078125 0.02734375 0.08359375
3 0.78828125 0.6453125 0.13046875 0.15625
4 0.803125 0.56953125 0.03828125 0.1109375
3 0.03203125 0.596875 0.06171875 0.071875
3 0.22578125 0.2890625 0.03984375 0.0953125
3 0.54609375 0.29921875 0.02421875 0.1078125
4 0.56875 0.29296875 0.0265625 0.1234375
3 0.9390625 0.63203125 0.12109375 0.1109375
1 0.29375 0.2671875 0.08203125 0.15390625
1 0.36328125 0.4171875 0.10625 0.19453125
5 0.3859375 0.17890625 0.078125 0.20078125