5 0.38671875 0.82109375 0.54296875 0.35078125
1 0.375 0.56015625 0.27265625 0.21171875
1 0.1078125 0.45 0.215625 0.246875
1 0.6953125 0.5078125 0.240625 0.2
3 0.36953125 0.32265625 0.0453125 0.09609375
4 0.371875 0.27265625 0.0265625 0.071875
3 0.18125 0.31484375 0.07890625 0.06875
4 0.17578125 0.26953125 0.03203125 0.07109375
3 0.16171875 0.65390625 0.11328125 0.1203125
4 0.15625 0.5796875 0.0375 0.10234375
3 0.4453125 0.26171875 0.046875 0.0765625
4 0.44921875 0.215625 0.01640625 0.0375
4 0.33984375 0.20859375 0.02109375 0.08828125
4 0.4015625 0.15390625 0.0140625 0.08359375
3 0.86953125 0.471875 0.034375 0.075
4 0.87265625 0.403125 0.025 0.08515625