1 0.80859375 0.84375 0.3828125 0.30546875
1 0.2640625 0.38046875 0.1109375 0.21875
1 0.35234375 0.8046875 0.21171875 0.390625
1 0.31171875 0.234375 0.0734375 0.17109375
3 0.18515625 0.47109375 0.0390625 0.1203125
4 0.184375 0.39609375 0.03046875 0.059375
4 0.3578125 0.45546875 0.04921875 0.14296875
3 0.5546875 0.5609375 0.09375 0.10703125
4 0.540625 0.503125 0.02578125 0.09296875
3 0.55 0.32734375 0.0390625 0.06640625
4 0.546875 0.265625 0.028125 0.06796875
3 0.9390625 0.628125 0.12109375 0.13203125