4 0.47734375 0.69375 0.0484375 0.1
4 0.378125 0.89609375 0.05390625 0.12890625
4 0.02890625 0.88359375 0.05234375 0.1421875
3 0.16796875 0.5796875 0.059375 0.1171875
4 0.16640625 0.4953125 0.03515625 0.078125
3 0.5265625 0.625 0.0453125 0.1046875
4 0.52890625 0.53671875 0.03671875 0.1140625
4 0.6796875 0.96640625 0.04140625 0.06640625
4 0.6796875 0.92109375 0.05078125 0.0859375
4 0.48046875 0.725 0.0375 0.115625
3 0.48515625 0.82578125 0.04296875 0.08046875
1 0.140625 0.915625 0.2078125 0.16875
1 0.315625 0.23828125 0.084375 0.15078125
3 0.23671875 0.36484375 0.03046875 0.103125
3 0.49921875 0.4203125 0.034375 0.084375
4 0.496875 0.35625 0.02890625 0.06796875
4 0.23515625 0.30234375 0.0234375 0.0578125
1 0.78046875 0.6953125 0.38125 0.33828125
3 0.978125 0.65625 0.04296875 0.11796875
3 0.74921875 0.453125 0.046875 0.14140625