3 0.22890625 0.5875 0.10546875 0.109375
4 0.2203125 0.51640625 0.028125 0.07734375
4 0.24140625 0.475 0.02734375 0.0828125
4 0.21484375 0.46015625 0.03125 0.053125
3 0.17421875 0.89375 0.12421875 0.2109375
4 0.17890625 0.7859375 0.03671875 0.115625
4 0.203125 0.76484375 0.03671875 0.10703125
3 0.28203125 0.5328125 0.0609375 0.1109375
3 0.8390625 0.84609375 0.0546875 0.1171875
3 0.38515625 0.38125 0.07265625 0.08125
4 0.3890625 0.33046875 0.02734375 0.06796875
4 0.2984375 0.16640625 0.02109375 0.0921875
4 0.8515625 0.74609375 0.04140625 0.10703125
1 0.65703125 0.7046875 0.21171875 0.41796875