3 0.35546875 0.64453125 0.10625 0.1125
4 0.34609375 0.5921875 0.03359375 0.11015625
3 0.11484375 0.6 0.109375 0.125
4 0.103125 0.53984375 0.03359375 0.11171875
3 0.09453125 0.4578125 0.05 0.071875
4 0.084375 0.38984375 0.040625 0.0890625
3 0.03515625 0.715625 0.06796875 0.134375
4 0.01484375 0.63125 0.0296875 0.0765625
3 0.2921875 0.96640625 0.10234375 0.06640625
4 0.28984375 0.92421875 0.040625 0.1203125
3 0.4875 0.621875 0.10078125 0.1109375
4 0.4828125 0.55859375 0.03203125 0.096875
3 0.57734375 0.68359375 0.11953125 0.13515625
4 0.58203125 0.61484375 0.03515625 0.09921875
3 0.70546875 0.66953125 0.084375 0.1296875
4 0.6890625 0.6171875 0.03125 0.09453125
4 0.7140625 0.61171875 0.02578125 0.08359375
1 0.584375 0.490625 0.22578125 0.165625
4 0.60703125 0.55078125 0.0265625 0.10390625
4 0.6296875 0.553125 0.0234375 0.0921875
3 0.828125 0.559375 0.046875 0.09453125
4 0.83515625 0.4875 0.02890625 0.07578125
3 0.8921875 0.58203125 0.04765625 0.10859375
4 0.89375 0.5125 0.03671875 0.0890625
3 0.834375 0.79296875 0.07578125 0.18359375
4 0.83671875 0.71796875 0.04453125 0.096875
3 0.15 0.33515625 0.07578125 0.08125
1 0.3140625 0.496875 0.19453125 0.18671875
5 0.79765625 0.35 0.13125 0.25078125
3 0.259375 0.31484375 0.07265625 0.08046875
4 0.4140625 0.175 0.01953125 0.09453125
4 0.2640625 0.27109375 0.025 0.06484375