3 0.38984375 0.5015625 0.03203125 0.08125
4 0.38828125 0.4265625 0.03125 0.0875
4 0.45234375 0.84375 0.0484375 0.13046875
3 0.6828125 0.71875 0.11015625 0.13984375
4 0.690625 0.64453125 0.03203125 0.0984375
4 0.71640625 0.640625 0.03515625 0.09921875
5 0.146875 0.35390625 0.16328125 0.29453125
4 0.19453125 0.4890625 0.03125 0.0609375
4 0.19453125 0.4453125 0.03359375 0.06484375
3 0.2390625 0.43671875 0.0375 0.11171875
4 0.2359375 0.3703125 0.03359375 0.0546875
3 0.45390625 0.94921875 0.05078125 0.1015625
3 0.746875 0.44921875 0.05 0.13828125
1 0.40546875 0.08984375 0.05078125 0.090625
0 0.9359375 0.8046875 0.128125 0.390625
0 0.31953125 0.146875 0.0953125 0.23515625
1 0.31640625 0.325 0.08984375 0.153125
3 0.034375 0.60078125 0.06015625 0.075