5 0.325 0.5625 0.4515625 0.403125
1 0.6359375 0.5421875 0.20859375 0.1890625
3 0.70625 0.890625 0.10859375 0.21484375
4 0.7390625 0.86015625 0.03515625 0.11796875
4 0.0140625 0.34921875 0.021875 0.08203125
4 0.0328125 0.35 0.0265625 0.06796875
4 0.58984375 0.97109375 0.0390625 0.0578125
4 0.7109375 0.8234375 0.0359375 0.12578125
3 0.74453125 0.66875 0.078125 0.14609375
4 0.73125 0.609375 0.0296875 0.084375
4 0.75546875 0.60390625 0.02421875 0.07421875
3 0.840625 0.53671875 0.0453125 0.11328125
4 0.84296875 0.47421875 0.02734375 0.08515625
1 0.0890625 0.50390625 0.0765625 0.1734375
3 0.0609375 0.40390625 0.0390625 0.0828125