5 0.315625 0.653125 0.159375 0.421875
3 0.07421875 0.93046875 0.0625 0.1390625
4 0.06640625 0.8125 0.04375 0.0875
3 0.134375 0.68125 0.034375 0.1109375
4 0.12578125 0.60234375 0.025 0.071875
3 0.0515625 0.55859375 0.04375 0.09296875
4 0.0359375 0.48828125 0.02734375 0.04453125
3 0.94609375 0.61171875 0.08984375 0.1015625
4 0.9515625 0.5671875 0.0265625 0.075
3 0.59609375 0.43515625 0.05546875 0.06171875
4 0.59921875 0.3984375 0.0203125 0.0546875
4 0.11484375 0.51875 0.03671875 0.05703125
3 0.446875 0.37421875 0.04921875 0.06640625
4 0.45 0.334375 0.01875 0.03828125