3 0.6078125 0.8234375 0.0875 0.13671875
4 0.61484375 0.7515625 0.03359375 0.09921875
3 0.19140625 0.96796875 0.06796875 0.0640625
4 0.1890625 0.88984375 0.03828125 0.11171875
4 0.21015625 0.84921875 0.0375 0.1
4 0.228125 0.753125 0.04140625 0.10703125
3 0.24296875 0.6875 0.11015625 0.109375
4 0.234375 0.6375 0.04140625 0.09375
4 0.09296875 0.96484375 0.046875 0.0703125
4 0.4359375 0.8796875 0.05390625 0.1015625
3 0.3625 0.9078125 0.0609375 0.1609375
4 0.3609375 0.7859375 0.03984375 0.08984375
4 0.34453125 0.74609375 0.025 0.06953125
3 0.91953125 0.85703125 0.09375 0.19921875
4 0.92734375 0.790625 0.03984375 0.11328125
4 0.59921875 0.67578125 0.040625 0.0953125
3 0.39765625 0.4640625 0.021875 0.075
4 0.39453125 0.396875 0.02734375 0.053125
3 0.30859375 0.4921875 0.040625 0.09921875
3 0.7234375 0.69296875 0.19765625 0.275
4 0.3078125 0.434375 0.02109375 0.05703125
3 0.784375 0.5328125 0.0546875 0.07734375
4 0.78984375 0.48046875 0.025 0.07109375
3 0.85859375 0.4921875 0.04453125 0.06640625
4 0.85859375 0.44375 0.02734375 0.0671875
3 0.96015625 0.50703125 0.04453125 0.06953125
4 0.9640625 0.4546875 0.02421875 0.07890625
3 0.4796875 0.3625 0.03671875 0.0625
4 0.484375 0.3140625 0.025 0.059375