3 0.60078125 0.5890625 0.07421875 0.0796875
3 0.6875 0.6328125 0.0875 0.07421875
3 0.9265625 0.58828125 0.0828125 0.07734375
3 0.7578125 0.68125 0.09375 0.1109375
4 0.76640625 0.63203125 0.0375 0.1015625
3 0.24609375 0.64921875 0.09296875 0.09375
4 0.24609375 0.60625 0.028125 0.08671875
4 0.27109375 0.60078125 0.02109375 0.0796875
3 0.10625 0.59453125 0.08359375 0.084375
4 0.10703125 0.55078125 0.02578125 0.06796875
4 0.6046875 0.540625 0.0265625 0.06171875
4 0.6984375 0.584375 0.02578125 0.0890625
4 0.9390625 0.5421875 0.028125 0.06953125
3 0.92109375 0.49140625 0.06875 0.0609375
4 0.93125 0.453125 0.0234375 0.05859375