1 0.6328125 0.8578125 0.3640625 0.275
1 0.40703125 0.409375 0.0953125 0.184375
3 0.3109375 0.6703125 0.04296875 0.13984375
4 0.30234375 0.58671875 0.0390625 0.06640625
3 0.315625 0.5 0.034375 0.1140625
4 0.31171875 0.41953125 0.0265625 0.0640625
3 0.18046875 0.725 0.06796875 0.1484375
4 0.17421875 0.6046875 0.04375 0.09296875
3 0.04921875 0.84765625 0.075 0.14375
4 0.02734375 0.73203125 0.05234375 0.09296875
5 0.15078125 0.35234375 0.16484375 0.3015625
5 0.33359375 0.1625 0.06171875 0.1109375
3 0.25859375 0.3578125 0.03203125 0.08046875
3 0.3234375 0.37109375 0.02109375 0.0609375
4 0.2515625 0.296875 0.0265625 0.06484375
4 0.3234375 0.31640625 0.02578125 0.0484375