5 0.7578125 0.1515625 0.12421875 0.2109375
3 0.22734375 0.69609375 0.134375 0.140625
4 0.21875 0.61484375 0.04609375 0.09921875
3 0.078125 0.51796875 0.10859375 0.1140625
4 0.065625 0.459375 0.03203125 0.08046875
3 0.19453125 0.3171875 0.07109375 0.0828125
3 0.0265625 0.290625 0.04453125 0.0625
4 0.01484375 0.24140625 0.02734375 0.0875
3 0.07578125 0.3140625 0.06484375 0.07578125
4 0.078125 0.2609375 0.028125 0.07734375
4 0.2 0.2703125 0.03046875 0.08125
3 0.72421875 0.5296875 0.05703125 0.10546875
4 0.72109375 0.46171875 0.0296875 0.09375