3 0.43828125 0.7546875 0.04296875 0.13359375
3 0.3796875 0.65 0.04609375 0.11796875
4 0.44140625 0.6515625 0.0359375 0.06640625
3 0.334375 0.875 0.04921875 0.15625
4 0.33125 0.76640625 0.04296875 0.0734375
3 0.27890625 0.64140625 0.03125 0.11953125
4 0.2796875 0.55078125 0.03203125 0.059375
4 0.54453125 0.9328125 0.04375 0.10625
4 0.38125 0.5671875 0.02734375 0.07890625
3 0.66640625 0.6953125 0.06640625 0.134375
3 0.56484375 0.54375 0.05078125 0.0859375
3 0.42421875 0.56796875 0.03984375 0.10390625
3 0.32421875 0.50703125 0.03125 0.10078125
3 0.3765625 0.4453125 0.0375 0.0890625
4 0.37890625 0.38359375 0.02265625 0.0578125
4 0.5734375 0.4828125 0.02578125 0.08125
3 0.615625 0.53046875 0.05 0.09296875
4 0.6171875 0.4828125 0.0265625 0.08125
4 0.66796875 0.6234375 0.0328125 0.084375
4 0.68515625 0.6390625 0.03203125 0.084375
3 0.80546875 0.7125 0.07734375 0.165625
4 0.8140625 0.6515625 0.03125 0.084375
3 0.96484375 0.93046875 0.0703125 0.1390625
3 0.98046875 0.74296875 0.0390625 0.125