5 0.9421875 0.86796875 0.1109375 0.25703125
3 0.46171875 0.69453125 0.09921875 0.1015625
4 0.4703125 0.6359375 0.02890625 0.08984375
3 0.084375 0.63359375 0.084375 0.08359375
4 0.0921875 0.584375 0.0296875 0.0890625
3 0.33828125 0.634375 0.0828125 0.08203125
4 0.34375 0.58515625 0.028125 0.0625
3 0.78671875 0.64375 0.09375 0.096875
3 0.74765625 0.58984375 0.03671875 0.0859375
4 0.79921875 0.590625 0.0296875 0.06953125
3 0.4375 0.58984375 0.0734375 0.075
4 0.44921875 0.5421875 0.028125 0.059375
4 0.77734375 0.5546875 0.0234375 0.05703125