3 0.12734375 0.34140625 0.0796875 0.09375
5 0.8 0.125 0.2015625 0.25
4 0.12734375 0.29453125 0.02578125 0.0734375
4 0.15 0.3 0.02421875 0.06640625
3 0.05234375 0.90390625 0.1046875 0.16796875
4 0.02890625 0.80546875 0.04140625 0.10546875
3 0.24609375 0.78984375 0.1171875 0.14453125
4 0.22890625 0.70234375 0.04375 0.1125
3 0.4171875 0.80234375 0.13125 0.13515625
4 0.4078125 0.72734375 0.04921875 0.10703125
4 0.340625 0.6765625 0.0375 0.10859375
3 0.615625 0.8 0.12421875 0.15859375
4 0.6046875 0.72421875 0.04453125 0.10546875
4 0.8015625 0.83125 0.0421875 0.12109375
4 0.8109375 0.7765625 0.04765625 0.09375
4 0.95703125 0.6703125 0.0375 0.19140625
4 0.8390625 0.621875 0.04453125 0.10390625
4 0.028125 0.68359375 0.03984375 0.1046875
4 0.05078125 0.70703125 0.03984375 0.10703125
3 0.0890625 0.78046875 0.078125 0.134375
1 0.0453125 0.55546875 0.08984375 0.215625
1 0.26015625 0.5640625 0.25625 0.22265625
1 0.57421875 0.5109375 0.26171875 0.225
1 0.4234375 0.3859375 0.26875 0.21953125
1 0.7359375 0.6109375 0.19609375 0.23984375
1 0.71015625 0.40703125 0.15390625 0.159375