1 0.25 0.86953125 0.3125 0.253125
5 0.7359375 0.49140625 0.3515625 0.434375
1 0.51796875 0.5140625 0.11640625 0.2
5 0.21484375 0.54140625 0.4296875 0.4234375
3 0.3578125 0.40546875 0.07265625 0.0734375
4 0.3578125 0.365625 0.01953125 0.078125
3 0.3 0.3015625 0.0625 0.0703125
4 0.2984375 0.25390625 0.0234375 0.06640625
3 0.2015625 0.30859375 0.08125 0.06328125
4 0.1953125 0.26015625 0.01953125 0.06796875
3 0.40703125 0.27421875 0.05390625 0.0703125
3 0.45546875 0.45625 0.03359375 0.096875
3 0.4765625 0.3859375 0.01953125 0.06796875
4 0.40859375 0.23046875 0.01953125 0.05703125