1 0.09453125 0.6875 0.1890625 0.3125
1 0.5796875 0.77578125 0.30078125 0.3296875
1 0.47734375 0.3875 0.2203125 0.23984375
3 0.26796875 0.69375 0.09609375 0.1515625
4 0.2703125 0.63671875 0.034375 0.11484375
4 0.29296875 0.6328125 0.0328125 0.0890625
3 0.40859375 0.72109375 0.103125 0.1375
4 0.4125 0.66484375 0.0328125 0.11015625
3 0.3046875 0.9203125 0.15625 0.159375
4 0.26953125 0.8390625 0.04609375 0.13515625
4 0.30390625 0.83359375 0.03984375 0.1203125
3 0.08046875 0.91875 0.1359375 0.1625
4 0.059375 0.828125 0.05703125 0.12421875