5 0.3953125 0.30703125 0.1109375 0.36484375
5 0.1453125 0.33984375 0.1625 0.33125
5 0.29765625 0.27109375 0.1046875 0.290625
1 0.27734375 0.925 0.24453125 0.15
4 0.546875 0.909375 0.046875 0.11640625
4 0.4984375 0.4578125 0.0328125 0.090625
3 0.7609375 0.96484375 0.1125 0.0703125
4 0.77109375 0.91484375 0.05 0.1390625
3 0.9 0.94296875 0.121875 0.1140625
4 0.9140625 0.87578125 0.0546875 0.125
4 0.6484375 0.96953125 0.0625 0.0609375
3 0.31328125 0.51015625 0.04140625 0.11171875
4 0.30859375 0.434375 0.028125 0.0671875
1 0.390625 0.071875 0.06171875 0.096875