3 0.6640625 0.81328125 0.1296875 0.13515625
4 0.678125 0.72890625 0.0359375 0.11875
3 0.8203125 0.89921875 0.1328125 0.15859375
4 0.83125 0.82109375 0.04140625 0.1453125
3 0.2640625 0.7671875 0.0484375 0.153125
3 0.22578125 0.6875 0.03359375 0.1421875
4 0.26796875 0.65625 0.05078125 0.08984375
3 0.19765625 0.57421875 0.03515625 0.11015625
4 0.23203125 0.58828125 0.04375 0.0921875
3 0.12734375 0.78515625 0.05546875 0.14765625
4 0.13203125 0.67890625 0.0453125 0.07421875
1 0.41015625 0.39140625 0.10859375 0.1796875
3 0.27109375 0.58125 0.03671875 0.0875
4 0.26953125 0.50390625 0.0390625 0.071875
3 0.41328125 0.84765625 0.04453125 0.10234375
4 0.4109375 0.7421875 0.03828125 0.09921875
5 0.15 0.36171875 0.1671875 0.30546875
5 0.396875 0.10703125 0.07109375 0.1484375