5 0.2671875 0.40078125 0.15234375 0.35078125
5 0.234375 0.81484375 0.38828125 0.36953125
5 0.1484375 0.35625 0.15625 0.33125
3 0.378125 0.4875 0.0453125 0.0796875
4 0.3765625 0.41953125 0.03125 0.0828125
3 0.49765625 0.5484375 0.07265625 0.13828125
4 0.49765625 0.49296875 0.0265625 0.0828125
3 0.63359375 0.7765625 0.1046875 0.16796875
4 0.6046875 0.67109375 0.02890625 0.109375
4 0.62890625 0.6921875 0.03359375 0.11015625
4 0.96796875 0.9375 0.0640625 0.125
3 0.7453125 0.4546875 0.0734375 0.1265625
3 0.490625 0.97578125 0.08203125 0.0484375