3 0.21796875 0.7796875 0.1 0.1703125
3 0.71640625 0.334375 0.02421875 0.07890625
4 0.71640625 0.26953125 0.0203125 0.0421875
1 0.75703125 0.21015625 0.0765625 0.121875
5 0.571875 0.3140625 0.2265625 0.28125
1 0.71875 0.503125 0.1265625 0.2
1 0.609375 0.8046875 0.2125 0.390625
3 0.8328125 0.77578125 0.04765625 0.14765625
4 0.84140625 0.6828125 0.04921875 0.11875
4 0.2203125 0.684375 0.05234375 0.12265625
3 0.39375 0.38828125 0.0765625 0.08125
4 0.396875 0.33515625 0.025 0.0765625
3 0.13046875 0.31796875 0.065625 0.08515625
4 0.1296875 0.26796875 0.021875 0.07109375
3 0.246875 0.3109375 0.07421875 0.0703125
4 0.24609375 0.2640625 0.028125 0.07421875
4 0.41171875 0.3296875 0.015625 0.0703125
3 0.37890625 0.25546875 0.06015625 0.0703125
4 0.37890625 0.21640625 0.01796875 0.04765625
3 0.90078125 0.49765625 0.0375 0.08203125
4 0.90546875 0.434375 0.02890625 0.07890625
3 0.01875 0.96328125 0.0375 0.0703125