3 0.72734375 0.63046875 0.0796875 0.0796875
5 0.359375 0.39921875 0.046875 0.090625
5 0.03359375 0.690625 0.06484375 0.34296875
3 0.3375 0.54609375 0.071875 0.0734375
3 0.4140625 0.65234375 0.0921875 0.08984375
4 0.0703125 0.58046875 0.025 0.0671875
4 0.09296875 0.58359375 0.0296875 0.08359375
4 0.0765625 0.525 0.025 0.071875
4 0.41796875 0.5984375 0.0234375 0.07578125
4 0.71171875 0.528125 0.0296875 0.11328125
4 0.74140625 0.58125 0.0328125 0.0734375
3 0.81015625 0.69296875 0.0953125 0.10859375
4 0.8265625 0.64453125 0.02890625 0.10703125
4 0.8484375 0.6453125 0.03203125 0.12265625