1 0.3859375 0.6375 0.11875 0.190625
5 0.9484375 0.39765625 0.103125 0.1515625
3 0.56953125 0.946875 0.04140625 0.10625
4 0.57578125 0.86015625 0.04296875 0.1109375
3 0.1796875 0.9125 0.06484375 0.15234375
4 0.1765625 0.80625 0.0484375 0.07890625
3 0.09921875 0.85 0.04921875 0.12890625
4 0.09921875 0.7625 0.0390625 0.065625
3 0.025 0.9046875 0.05 0.1515625
4 0.02265625 0.7953125 0.0453125 0.096875
3 0.53125 0.67578125 0.0328125 0.07265625
4 0.5359375 0.60859375 0.03203125 0.06328125
4 0.59296875 0.534375 0.0234375 0.0671875
3 0.69765625 0.88515625 0.028125 0.0984375
4 0.70078125 0.79609375 0.03359375 0.09140625
4 0.7125 0.6890625 0.03203125 0.071875
4 0.625 0.57109375 0.025 0.05703125
4 0.67265625 0.9640625 0.0453125 0.07109375
3 0.65546875 0.6578125 0.0296875 0.07890625
4 0.6609375 0.59921875 0.03203125 0.0671875
1 0.48203125 0.46171875 0.06796875 0.1125
1 0.61875 0.44765625 0.06640625 0.10703125