1 0.60078125 0.5453125 0.2359375 0.2984375
5 0.14375 0.3296875 0.1625 0.31953125
4 0.74765625 0.95625 0.05390625 0.0875
3 0.3625 0.63671875 0.05234375 0.0921875
4 0.35390625 0.5515625 0.03984375 0.0921875
3 0.321875 0.86875 0.0625 0.13046875
4 0.31640625 0.75859375 0.04375 0.11015625
3 0.38203125 0.4953125 0.03515625 0.07578125
4 0.3796875 0.42109375 0.034375 0.090625
3 0.43515625 0.52734375 0.04140625 0.1140625
4 0.43125 0.4375 0.0328125 0.07578125
4 0.55 0.96484375 0.0625 0.0703125
1 0.1953125 0.71171875 0.21640625 0.46015625
1 0.2984375 0.36015625 0.10234375 0.20546875
1 0.4484375 0.3046875 0.0875 0.16015625