5 0.38203125 0.3875 0.1390625 0.3578125
3 0.24921875 0.3171875 0.02421875 0.0828125
1 0.29609375 0.309375 0.0734375 0.1875
5 0.15 0.35078125 0.15703125 0.3015625
3 0.45078125 0.80390625 0.0453125 0.1125
4 0.4453125 0.69921875 0.0390625 0.1109375
3 0.78359375 0.85625 0.13125 0.15703125
4 0.80078125 0.796875 0.046875 0.153125
4 0.44140625 0.9609375 0.0484375 0.078125
4 0.503125 0.29609375 0.02265625 0.0625
4 0.2453125 0.25703125 0.025 0.0453125
5 0.32890625 0.07890625 0.06875 0.15703125
1 0.390625 0.03125 0.04765625 0.0625