3 0.0171875 0.7078125 0.034375 0.084375
3 0.0625 0.53984375 0.02734375 0.065625
3 0.2203125 0.4671875 0.015625 0.0453125
4 0.0640625 0.53125 0.0140625 0.0515625
3 0.0921875 0.54140625 0.02734375 0.06953125
3 0.6765625 0.50703125 0.02734375 0.04921875
4 0.675 0.49140625 0.0171875 0.065625
3 0.82734375 0.68515625 0.0390625 0.10078125
4 0.82421875 0.6421875 0.02734375 0.13203125
4 0.01484375 0.68046875 0.025 0.090625
1 0.04375 0.921875 0.0875 0.14921875
1 0.278125 0.89375 0.1234375 0.2046875
1 0.33515625 0.45625 0.040625 0.059375
1 0.4203125 0.41875 0.03515625 0.059375
1 0.31328125 0.43203125 0.0453125 0.05234375
1 0.403125 0.36640625 0.0328125 0.0453125
1 0.521875 0.38046875 0.03125 0.059375
1 0.43671875 0.38515625 0.0296875 0.0484375
4 0.090625 0.52578125 0.01484375 0.0546875
3 0.77109375 0.65546875 0.02734375 0.08671875
4 0.77734375 0.61796875 0.015625 0.0609375
3 0.7265625 0.528125 0.0203125 0.0453125
3 0.75625 0.56796875 0.01484375 0.0625
4 0.7609375 0.5375 0.01875 0.0515625
4 0.7265625 0.49375 0.0125 0.059375
4 0.7578125 0.49375 0.0140625 0.040625
4 0.7046875 0.4453125 0.015625 0.0578125
3 0.0765625 0.48828125 0.02578125 0.0359375
3 0.115625 0.5 0.021875 0.04375
4 0.11328125 0.4734375 0.0109375 0.0375
3 0.1375 0.51484375 0.015625 0.0390625
3 0.15546875 0.52890625 0.02109375 0.03828125
4 0.15859375 0.503125 0.015625 0.04375
4 0.13984375 0.47578125 0.01171875 0.0359375
4 0.225 0.41640625 0.009375 0.03125
3 0.2484375 0.44140625 0.02578125 0.02890625
4 0.2453125 0.41953125 0.0140625 0.03125
4 0.76875 0.5734375 0.015625 0.0421875
3 0.9890625 0.96015625 0.0171875 0.0796875