1 0.371875 0.6296875 0.090625 0.1875
5 0.35078125 0.30703125 0.0640625 0.1359375
1 0.4453125 0.24453125 0.034375 0.0828125
4 0.54609375 0.321875 0.0140625 0.05
3 0.54140625 0.26796875 0.01015625 0.028125
4 0.5421875 0.25234375 0.0125 0.0453125
3 0.53046875 0.22890625 0.0109375 0.0234375
4 0.5296875 0.21640625 0.009375 0.0421875
2 0.19140625 0.23671875 0.13046875 0.22265625
5 0.2953125 0.19453125 0.08046875 0.128125
5 0.45390625 0.165625 0.03671875 0.06796875
5 0.053125 0.340625 0.10625 0.22890625
3 0.5484375 0.3453125 0.0140625 0.0375
1 0.41796875 0.16796875 0.025 0.0453125