2 0.5140625 0.81953125 0.2578125 0.35390625
5 0.0984375 0.8296875 0.196875 0.33359375
1 0.575 0.3109375 0.0453125 0.05234375
1 0.58125 0.57109375 0.103125 0.128125
1 0.8203125 0.46875 0.05859375 0.0765625
1 0.4328125 0.54375 0.1234375 0.1421875
1 0.71015625 0.640625 0.1109375 0.1703125
1 0.6953125 0.27578125 0.02734375 0.03125
1 0.728125 0.48125 0.06640625 0.09375
5 0.7609375 0.365625 0.04453125 0.10703125
1 0.78203125 0.28984375 0.025 0.03125
5 0.8109375 0.28203125 0.0296875 0.08203125
5 0.86171875 0.296875 0.025 0.065625
5 0.840625 0.2703125 0.0203125 0.0609375
5 0.88359375 0.26953125 0.0328125 0.05625
2 0.65078125 0.24375 0.0796875 0.08359375
2 0.1765625 0.32421875 0.35234375 0.19375
2 0.2828125 0.28515625 0.27890625 0.1609375
0 0.121875 0.2671875 0.11171875 0.13359375