5 0.45 0.190625 0.028125 0.08125
5 0.41953125 0.13828125 0.0296875 0.0765625
4 0.66796875 0.6765625 0.03828125 0.0734375
4 0.52890625 0.24609375 0.01015625 0.03203125
1 0.55078125 0.45078125 0.0578125 0.1140625
5 0.084375 0.434375 0.16875 0.26953125
3 0.6703125 0.7484375 0.03828125 0.07734375
3 0.52890625 0.26875 0.0109375 0.02734375
4 0.5015625 0.19296875 0.00859375 0.02578125
3 0.50234375 0.21328125 0.01171875 0.02265625
3 0.5171875 0.2140625 0.0125 0.025
4 0.51640625 0.19375 0.00859375 0.0234375