5 0.40703125 0.47265625 0.1078125 0.2890625
3 0.62265625 0.48828125 0.0234375 0.0515625
3 0.54921875 0.48671875 0.0203125 0.0546875
5 0.44296875 0.22890625 0.0328125 0.0921875
4 0.55 0.45859375 0.021875 0.0734375
4 0.70390625 0.9015625 0.0453125 0.140625
3 0.5203125 0.26796875 0.0109375 0.02578125
4 0.51953125 0.24140625 0.01171875 0.03203125
5 0.20234375 0.26328125 0.09453125 0.12265625
1 0.14765625 0.384375 0.09296875 0.1203125
1 0.50859375 0.18125 0.034375 0.040625
4 0.62421875 0.4484375 0.01953125 0.053125
3 0.71640625 0.96875 0.06328125 0.0625
3 0.0953125 0.321875 0.01875 0.0375
4 0.096875 0.29609375 0.0140625 0.0375