3 0.2234375 0.46328125 0.040625 0.1078125
3 0.14765625 0.590625 0.0609375 0.1109375
3 0.73515625 0.45625 0.1 0.1078125
4 0.8921875 0.95859375 0.0546875 0.0765625
3 0.48671875 0.41484375 0.040625 0.06875
4 0.48125 0.36484375 0.025 0.096875
3 0.59453125 0.95859375 0.1265625 0.0828125
4 0.5796875 0.91328125 0.0703125 0.16640625
4 0.71171875 0.94765625 0.0765625 0.096875
4 0.225 0.425 0.0390625 0.128125
5 0.30390625 0.203125 0.0828125 0.2328125
1 0.3359375 0.090625 0.046875 0.0765625
1 0.10078125 0.825 0.2015625 0.34375
1 0.34375 0.58828125 0.125 0.246875
1 0.3890625 0.075 0.046875 0.0796875
4 0.14921875 0.53359375 0.03828125 0.10390625
3 0.2375 0.3359375 0.034375 0.08203125
4 0.2359375 0.25546875 0.02109375 0.065625
3 0.48515625 0.2625 0.02578125 0.0703125
4 0.484375 0.225 0.021875 0.08046875
3 0.715625 0.4046875 0.065625 0.08984375
3 0.840625 0.95859375 0.03515625 0.0828125
4 0.9734375 0.4953125 0.03828125 0.13203125
3 0.471875 0.690625 0.05390625 0.13046875
4 0.46484375 0.603125 0.040625 0.13046875
5 0.3890625 0.27734375 0.1015625 0.28671875
5 0.91015625 0.75234375 0.1796875 0.36875
4 0.9359375 0.5578125 0.0265625 0.0671875
3 0.4453125 0.15546875 0.01796875 0.0421875
4 0.4125 0.11484375 0.01875 0.053125
4 0.42578125 0.04765625 0.0125 0.0484375
4 0.4453125 0.121875 0.0234375 0.0484375
4 0.478125 0.18046875 0.01484375 0.0421875