5 0.45390625 0.22578125 0.0390625 0.0984375
5 0.3921875 0.24375 0.0625 0.146875
3 0.58203125 0.46875 0.0203125 0.059375
3 0.5484375 0.3484375 0.0125 0.0375
3 0.53828125 0.43203125 0.0171875 0.0421875
3 0.63515625 0.56640625 0.03203125 0.06953125
4 0.625 0.52578125 0.025 0.0828125
4 0.5375 0.403125 0.01875 0.059375
4 0.58046875 0.440625 0.0203125 0.065625
3 0.6015625 0.7953125 0.0375 0.08046875
3 0.6734375 0.7640625 0.0375 0.103125
4 0.59609375 0.7109375 0.03203125 0.07734375
4 0.60625 0.72734375 0.03671875 0.10546875
4 0.66328125 0.70625 0.0359375 0.109375
4 0.54765625 0.33125 0.0140625 0.046875
3 0.784375 0.70859375 0.05078125 0.0859375
4 0.78359375 0.64921875 0.0359375 0.1015625
5 0.1975946 1 0.3439988078125 0.503123003125 0.140461146875 0.47456950468750003 0.008481454687499999 0.645535715625 0.0035707812499999997 1 0.1975946 1