3 0.0296875 0.61640625 0.05078125 0.08671875
3 0.565625 0.60234375 0.0296875 0.07265625
3 0.83671875 0.41484375 0.0296875 0.05234375
0 0.1265625 0.35078125 0.1953125 0.19453125
0 0.603125 0.25859375 0.0390625 0.09375
4 0.565625 0.575 0.025 0.0796875
4 0.03203125 0.58125 0.0453125 0.10078125
3 0.521875 0.39140625 0.0140625 0.040625
4 0.5234375 0.375 0.015625 0.0625
3 0.55625 0.36953125 0.025 0.0453125
4 0.55234375 0.33828125 0.01328125 0.0578125
4 0.60234375 0.325 0.0140625 0.059375
3 0.54453125 0.4703125 0.01875 0.0375
4 0.5421875 0.4375 0.0171875 0.0625
4 0.0296875 0.409375 0.015625 0.0765625
1 0.43125 0.57109375 0.09375 0.13515625
1 0.709375 0.4375 0.10546875 0.090625
1 0.4328125 0.4046875 0.05625 0.08671875
1 0.5203125 0.2484375 0.021875 0.03828125
1 0.4921875 0.325 0.0390625 0.05234375
1 0.66796875 0.34921875 0.0546875 0.065625
4 0.734375 0.34453125 0.00859375 0.0421875
4 0.753125 0.35625 0.0125 0.040625
4 0.84296875 0.390625 0.01875 0.0546875
0 0.5421875 0.1859375 0.02734375 0.053125