3 0.41328125 0.73046875 0.0359375 0.14375
3 0.815625 0.63046875 0.0609375 0.1421875
3 0.371875 0.51015625 0.0375 0.1109375
4 0.4328125 0.4515625 0.01484375 0.0625
4 0.4390625 0.43515625 0.01484375 0.05625
3 0.4640625 0.39921875 0.025 0.0765625
3 0.43046875 0.5140625 0.0375 0.11796875
3 0.746875 0.3890625 0.0609375 0.090625
3 0.3265625 0.3109375 0.0234375 0.07265625
3 0.0390625 0.42890625 0.078125 0.09375
3 0.403125 0.38359375 0.0296875 0.09375
3 0.515625 0.14609375 0.0140625 0.0359375
3 0.54140625 0.14765625 0.0171875 0.0390625
3 0.565625 0.14765625 0.0140625 0.03828125
3 0.65546875 0.64453125 0.0640625 0.10859375
4 0.5453125 0.95859375 0.046875 0.0765625
4 0.46171875 0.3453125 0.025 0.0578125
4 0.409375 0.621875 0.0484375 0.0921875
4 0.82109375 0.58828125 0.0484375 0.09375
4 0.74296875 0.3625 0.0375 0.11484375
1 0.525 0.559375 0.12109375 0.29140625
4 0.121875 0.37734375 0.0328125 0.075
4 0.3734375 0.44140625 0.01328125 0.040625
4 0.40546875 0.32578125 0.01484375 0.0609375
3 0.684375 0.8015625 0.07578125 0.1703125
4 0.68046875 0.7390625 0.02734375 0.13046875
1 0.45078125 0.15546875 0.04609375 0.08671875
3 0.3484375 0.26171875 0.021875 0.05625
4 0.3484375 0.21953125 0.01171875 0.046875
3 0.63984375 0.65859375 0.00390625 0.0015625
3 0.9 0.46484375 0.08359375 0.08046875
3 0.8625 0.43046875 0.07734375 0.065625
4 0.5109375 0.1203125 0.01328125 0.0390625
4 0.53828125 0.11796875 0.0171875 0.040625
4 0.56875 0.128125 0.01171875 0.0390625
4 0.5421875 0.51875 0.021875 0.0625
3 0.35859375 0.178125 0.0125 0.034375
3 0.38984375 0.12421875 0.0140625 0.04375
4 0.3921875 0.1015625 0.0078125 0.0390625
4 0.65390625 0.584375 0.0328125 0.11171875