3 0.06640625 0.8828125 0.0609375 0.15625
3 0.228125 0.15546875 0.0125 0.0390625
5 0.459375 0.31328125 0.10625 0.2546875
5 0.78671875 0.6640625 0.4234375 0.66875
4 0.06015625 0.8140625 0.0546875 0.18125
1 0.665625 0.24609375 0.078125 0.0796875
1 0.8703125 0.4109375 0.1859375 0.15859375
1 0.8734375 0.32734375 0.1296875 0.09765625
5 0.55703125 0.13359375 0.05546875 0.071875
5 0.6015625 0.13359375 0.07734375 0.11015625
1 0.5109375 0.0859375 0.05859375 0.06328125
5 0.34765625 0.103125 0.078125 0.1390625