5 0.390625 0.19453125 0.075 0.1765625
3 0.23359375 0.3 0.0203125 0.05625
3 0.865625 0.3046875 0.034375 0.05
5 0.68828125 0.78125 0.2734375 0.434375
5 0.94609375 0.4125 0.1046875 0.23125
4 0.23203125 0.27109375 0.0203125 0.0609375
4 0.8671875 0.28359375 0.028125 0.0671875
1 0.8875 0.471875 0.159375 0.1375
1 0.59921875 0.43203125 0.1078125 0.1453125
1 0.68515625 0.27421875 0.08515625 0.10390625
1 0.69609375 0.22890625 0.078125 0.0734375
1 0.7578125 0.240625 0.06875 0.08671875
1 0.565625 0.1828125 0.05 0.065625
5 0.33671875 0.0921875 0.06484375 0.1515625