3 0.31640625 0.575 0.0359375 0.103125
5 0.56796875 0.51796875 0.1546875 0.3390625
5 0.05546875 0.60703125 0.1109375 0.4359375
4 0.3171875 0.5265625 0.0375 0.115625
3 0.309375 0.3171875 0.03359375 0.06171875
4 0.31015625 0.28203125 0.02109375 0.05390625
1 0.40390625 0.25390625 0.0546875 0.0921875
3 0.2796875 0.2109375 0.02265625 0.05234375
4 0.278125 0.1890625 0.0203125 0.046875
1 0.3609375 0.128125 0.05546875 0.1
1 0.7015625 0.21875 0.103125 0.1375
1 0.6140625 0.165625 0.07109375 0.07578125
1 0.7984375 0.3578125 0.12734375 0.1296875
1 0.93125 0.3828125 0.13359375 0.13359375
4 0.4515625 0.15625 0.0234375 0.065625
3 0.22734375 0.2328125 0.02109375 0.0515625
4 0.2265625 0.203125 0.0140625 0.0390625
5 0.3671875 0.06875 0.04609375 0.096875