1 0.40234375 0.2140625 0.0640625 0.14375
3 0.30234375 0.5390625 0.0328125 0.10625
3 0.21796875 0.33671875 0.03359375 0.06328125
4 0.21640625 0.29140625 0.028125 0.05625
3 0.259375 0.2859375 0.021875 0.05625
3 0.28671875 0.1609375 0.0140625 0.040625
4 0.29921875 0.2046875 0.01875 0.03828125
4 0.303125 0.47578125 0.02734375 0.075
4 0.259375 0.2453125 0.01953125 0.04921875
1 0.546875 0.6453125 0.125 0.265625
5 0.34609375 0.0984375 0.075 0.15234375
5 0.409375 0.12109375 0.06875 0.11171875
1 0.840625 0.384375 0.14296875 0.1375
1 0.9125 0.31015625 0.11328125 0.10703125
1 0.64453125 0.221875 0.07421875 0.0765625
1 0.58828125 0.13984375 0.071875 0.09453125
1 0.7015625 0.2109375 0.06328125 0.08515625
0 0.25234375 0.071875 0.04375 0.1125