5 0.4625 0.3125 0.096875 0.246875
3 0.34140625 0.5921875 0.0296875 0.1
3 0.31875 0.3984375 0.025 0.078125
0 0.128125 0.7203125 0.25625 0.55625
4 0.34140625 0.534375 0.0328125 0.109375
1 0.725 0.2828125 0.1078125 0.1015625
1 0.68515625 0.22109375 0.07109375 0.07109375
1 0.59140625 0.18046875 0.065625 0.07421875
1 0.7125 0.578125 0.1875 0.2890625
1 0.93515625 0.5078125 0.12890625 0.19375
1 0.921875 0.3765625 0.15546875 0.14921875
1 0.93203125 0.30234375 0.1359375 0.1125
1 0.35 0.1171875 0.05234375 0.065625
5 0.4765625 0.175 0.12734375 0.23203125
4 0.3125 0.33671875 0.0109375 0.0421875
4 0.31953125 0.346875 0.01796875 0.03984375
3 0.22734375 0.41015625 0.0453125 0.07109375
4 0.2296875 0.35546875 0.0265625 0.0390625
5 0.32109375 0.04921875 0.06171875 0.0984375