3 0.20390625 0.72421875 0.0453125 0.1390625
4 0.21953125 0.36015625 0.028125 0.0578125
3 0.271875 0.33671875 0.025 0.0578125
3 0.26328125 0.16796875 0.0140625 0.0421875
3 0.2171875 0.40859375 0.028125 0.0890625
5 0.734375 0.49140625 0.3375 0.5859375
4 0.2046875 0.6421875 0.04140625 0.07890625
4 0.271875 0.29453125 0.028125 0.04296875
1 0.40546875 0.2171875 0.0546875 0.10625
1 0.9383766437500001 0.46613728749999994 0.9383766437500001 0.48174588281249997 0.9382509515624999 0.5066932703125 0.9430359984375001 0.52696284375 0.956479715625 0.5319733125 0.963087628125 0.530379065625 0.97037914375 0.5240021296874999 0.998759453125 0.549383134375 1 0.4299734734375 0.9821020718750001 0.42347380625 0.9514667937500001 0.4285756765625 0.9437195671874999 0.4390520890625 0.9383766437500001 0.46613728749999994
1 0.952220815625 0.3323311515625 0.9309259109375001 0.352510471875 0.921556075 0.3712407796875 0.92162325625 0.41377205781250004 0.9444598546874999 0.44304029843750004 0.949757953125 0.429703928125 0.9680947578125 0.4242888765625 0.9981004296875 0.42741293750000003 0.999637253125 0.4367968765625 0.998596265625 0.32753670156250003 0.9987087921875 0.32270017812499996 0.991270725 0.3216863828125 0.982142184375 0.32253120625 0.9746513390624999 0.324414990625 0.952220815625 0.3323311515625