5 0.6078125 0.44765625 0.359375 0.41640625
3 0.290625 0.85078125 0.0546875 0.159375
3 0.32734375 0.38203125 0.0375 0.096875
3 0.19609375 0.32265625 0.0328125 0.0765625
4 0.290625 0.78671875 0.0546875 0.190625
3 0.30234375 0.50703125 0.0609375 0.08359375
4 0.30390625 0.46171875 0.040625 0.14609375
4 0.709375 0.94296875 0.0625 0.1078125
4 0.325 0.35078125 0.0375 0.1109375
4 0.0265625 0.921875 0.053125 0.14921875
4 0.27734375 0.6109375 0.0390625 0.159375
1 0.2484375 0.36796875 0.109375 0.24296875
1 0.36875 0.64921875 0.12109375 0.284375
5 0.39609375 0.24296875 0.0828125 0.25546875
3 0.92578125 0.95390625 0.10625 0.0921875
4 0.98515625 0.91328125 0.0296875 0.1390625
3 0.2453125 0.20546875 0.03359375 0.0703125
4 0.24765625 0.1703125 0.015625 0.05
3 0.2625 0.15390625 0.01796875 0.0484375
4 0.26015625 0.1125 0.0140625 0.0515625
3 0.4421875 0.14296875 0.0265625 0.0484375
1 0.39140625 0.09296875 0.0640625 0.09765625
5 0.31328125 0.140625 0.08203125 0.2015625
4 0.19921875 0.275 0.03125 0.0734375
3 0.1625 0.1390625 0.06015625 0.071875
1 0.22265625 0.0765625 0.0625 0.10546875
4 0.44296875 0.115625 0.0125 0.0546875
5 0.3953125 0.02109375 0.05859375 0.0390625
4 0.025 0.88203125 0.04453125 0.13515625
3 0.04140625 0.93984375 0.0484375 0.1203125