5 0.39609375 0.140625 0.0984375 0.240625
3 0.22265625 0.96796875 0.06015625 0.0640625
4 0.23203125 0.91171875 0.0609375 0.1734375
1 0.02890625 0.43046875 0.0578125 0.1390625
1 0.52734375 0.5 0.1078125 0.234375
1 0.81953125 0.353125 0.1203125 0.1609375
1 0.6609375 0.22421875 0.08046875 0.090625
1 0.82265625 0.2640625 0.1171875 0.1078125
1 0.671875 0.1828125 0.0796875 0.0875
3 0.28671875 0.37578125 0.03671875 0.0765625
4 0.28125 0.31875 0.02578125 0.0609375
3 0.32734375 0.67265625 0.05078125 0.11484375
4 0.33125 0.59140625 0.03671875 0.10546875
3 0.0390625 0.646875 0.05 0.1015625
4 0.025 0.578125 0.040625 0.0890625
1 0.490625 0.08359375 0.046875 0.05390625