3 0.18515625 0.51640625 0.0296875 0.0921875
3 0.30546875 0.2640625 0.0171875 0.053125
3 0.29375 0.41484375 0.025 0.0859375
4 0.30625 0.22578125 0.0203125 0.0421875
3 0.38671875 0.2296875 0.0140625 0.046875
3 0.17265625 0.2328125 0.0265625 0.05
3 0.09296875 0.2515625 0.0453125 0.05
3 0.25625 0.21328125 0.015625 0.0453125
4 0.184375 0.453125 0.0203125 0.05
4 0.29296875 0.36484375 0.0296875 0.04765625
1 0.74296875 0.296875 0.0953125 0.090625
1 0.6203125 0.19296875 0.0703125 0.08046875
1 0.6640625 0.140625 0.059375 0.08359375
1 0.60859375 0.14140625 0.059375 0.04921875
1 0.525 0.1015625 0.05078125 0.06171875
1 0.27734375 0.059375 0.03828125 0.07890625
4 0.38671875 0.19453125 0.01953125 0.040625
4 0.09296875 0.221875 0.0171875 0.03515625
4 0.17265625 0.203125 0.01640625 0.0359375
4 0.25625 0.17734375 0.01328125 0.02578125