1 0.28515625 0.115625 0.0421875 0.103125
3 0.57890625 0.775 0.0421875 0.121875
3 0.01875 0.53359375 0.034375 0.0921875
3 0.26484375 0.30234375 0.02265625 0.06953125
3 0.06796875 0.2515625 0.0484375 0.05
3 0.03515625 0.74921875 0.0515625 0.1328125
3 0.21875 0.39140625 0.025 0.0703125
4 0.5765625 0.68828125 0.04921875 0.10078125
4 0.028125 0.665625 0.04453125 0.084375
1 0.84140625 0.3640625 0.1171875 0.1125
1 0.62890625 0.20078125 0.0640625 0.0703125
4 0.2875 0.8421875 0.04375 0.10234375
3 0.2859375 0.9453125 0.071875 0.10859375
4 0.21796875 0.3359375 0.021875 0.0390625
4 0.0109375 0.471875 0.021875 0.05390625
4 0.2640625 0.2578125 0.01640625 0.0390625
4 0.0703125 0.22421875 0.021875 0.04375
4 0.2609375 0.19140625 0.0203125 0.03515625
4 0.23203125 0.15234375 0.01953125 0.03125
4 0.84140625 0.2109375 0.015625 0.03125
3 0.2640625 0.22421875 0.02578125 0.0296875