1 0.55859375 0.14765625 0.0640625 0.09609375
5 0.65 0.1515625 0.090625 0.128125
4 0.2421875 0.6125 0.03515625 0.06171875
3 0.3 0.57734375 0.034375 0.0984375
3 0.12890625 0.72421875 0.0515625 0.1453125
3 0.2921875 0.9171875 0.046875 0.159375
4 0.13203125 0.65546875 0.034375 0.1125
3 0.2421875 0.6796875 0.046875 0.13125
3 0.21796875 0.5546875 0.0359375 0.096875
4 0.24140625 0.2921875 0.028125 0.05234375
3 0.28828125 0.303125 0.0234375 0.06875
3 0.94140625 0.30625 0.0390625 0.05625
3 0.7453125 0.2 0.025 0.040625
4 0.8859375 0.2640625 0.01875 0.06328125
3 0.8796875 0.2875 0.034375 0.046875
3 0.2390625 0.321875 0.025 0.071875
4 0.9421875 0.2828125 0.034375 0.06875
4 0.3 0.53671875 0.034375 0.1234375
4 0.2171875 0.4984375 0.0375 0.1
1 0.83515625 0.3875 0.1296875 0.115625
1 0.3671875 0.1546875 0.04375 0.075
1 0.2828125 0.0734375 0.03359375 0.06640625
1 0.50390625 0.103125 0.053125 0.0546875
4 0.28984375 0.26953125 0.0265625 0.0484375
4 0.30078125 0.8234375 0.04765625 0.109375
4 0.29765625 0.778125 0.03671875 0.08046875