5 0.59609375 0.12578125 0.0734375 0.1171875
3 0.234375 0.9109375 0.059375 0.16875
3 0.15859375 0.74375 0.0515625 0.14375
3 0.096875 0.25625 0.046875 0.053125
5 0.90859375 0.34453125 0.1796875 0.2296875
4 0.2375 0.8140625 0.05 0.1125
3 0.0296875 0.653125 0.05 0.1140625
4 0.02109375 0.6078125 0.0421875 0.140625
1 0.653125 0.2359375 0.06875 0.078125
1 0.43046875 0.29375 0.0671875 0.121875
1 0.2859375 0.1203125 0.0453125 0.06953125
1 0.3546875 0.08515625 0.046875 0.07578125
1 0.5203125 0.121875 0.04765625 0.0515625
4 0.165625 0.66796875 0.03984375 0.0984375