5 0.7390625 0.21484375 0.125 0.1609375
3 0.175 0.6078125 0.040625 0.11875
3 0.30078125 0.62890625 0.0390625 0.1078125
3 0.23515625 0.271875 0.0203125 0.065625
3 0.28671875 0.42265625 0.0234375 0.0796875
4 0.30078125 0.5765625 0.0421875 0.128125
4 0.17578125 0.5640625 0.0421875 0.128125
4 0.2859375 0.38203125 0.025 0.0796875
4 0.21875 0.7671875 0.05 0.15625
1 0.57421875 0.696875 0.1484375 0.33125
1 0.95390625 0.396875 0.0890625 0.16875
1 0.8296875 0.37265625 0.13125 0.1359375
1 0.415625 0.16953125 0.0671875 0.09296875
1 0.29765625 0.1984375 0.06328125 0.1015625