2 0.5640625 0.3453125 0.07421875 0.15625
3 0.1515625 0.5484375 0.0375 0.0765625
3 0.6078125 0.515625 0.01953125 0.059375
3 0.79296875 0.4390625 0.03515625 0.065625
3 0.8921875 0.434375 0.0390625 0.0625
3 0.62578125 0.421875 0.0140625 0.03828125
3 0.2203125 0.46015625 0.0234375 0.059375
0 0.1265625 0.35078125 0.1953125 0.19453125
4 0.6265625 0.38515625 0.015625 0.0421875
4 0.4359375 0.83359375 0.04296875 0.11796875
4 0.21953125 0.4375 0.021875 0.0765625
3 0.32578125 0.33125 0.015625 0.0265625
4 0.325 0.30625 0.01171875 0.03046875
4 0.63359375 0.63515625 0.028125 0.08671875
4 0.89453125 0.41640625 0.02734375 0.0625
3 0.6734375 0.36953125 0.015625 0.0375
4 0.67421875 0.3421875 0.0125 0.0328125
4 0.7953125 0.41640625 0.0234375 0.05546875
4 0.15 0.51875 0.02734375 0.0796875
4 0.60859375 0.48046875 0.01953125 0.059375
3 0.86796875 0.4015625 0.0296875 0.0453125
4 0.87265625 0.371875 0.0171875 0.04921875
1 0.41015625 0.4671875 0.0625 0.09375
1 0.39453125 0.30546875 0.0390625 0.05546875
1 0.515625 0.28984375 0.03125 0.0453125
1 0.36796875 0.28984375 0.0328125 0.0453125
1 0.61640625 0.30703125 0.0328125 0.05234375
3 0.6328125 0.69609375 0.028125 0.065625
3 0.434375 0.91484375 0.04609375 0.0953125
3 0.1328125 0.475 0.0203125 0.05234375
3 0.16953125 0.46953125 0.028125 0.04296875
4 0.140625 0.43828125 0.01640625 0.0546875
4 0.16484375 0.43671875 0.0140625 0.0421875