1 0.60078125 0.16796875 0.0625 0.071875
1 0.534375 0.1234375 0.06015625 0.0640625
5 0.5875 0.10546875 0.065625 0.0953125
3 0.27890625 0.81953125 0.0390625 0.1421875
3 0.1859375 0.42109375 0.028125 0.0921875
3 0.25390625 0.4828125 0.0296875 0.0875
3 0.953125 0.3125 0.040625 0.05
1 0.675 0.18046875 0.08125 0.1140625
4 0.278125 0.7515625 0.04375 0.16875
1 0.94375 0.4875 0.109375 0.165625
1 0.8078125 0.28046875 0.09765625 0.11328125
3 0.25546875 0.34609375 0.03046875 0.0515625
4 0.25 0.3125 0.01953125 0.0640625
4 0.24453125 0.26875 0.02109375 0.04765625
3 0.2359375 0.23984375 0.01796875 0.04296875
4 0.240625 0.21015625 0.02109375 0.040625
3 0.3046875 0.25390625 0.028125 0.05703125
3 0.27578125 0.23359375 0.02265625 0.05546875
4 0.303125 0.221875 0.025 0.0546875
1 0.4140625 0.1421875 0.0640625 0.0875
4 0.22890625 0.1515625 0.0171875 0.0390625
1 0.27890625 0.10546875 0.04375 0.06328125
1 0.34765625 0.059375 0.04296875 0.059375
4 0.19375 0.36640625 0.0296875 0.05859375
4 0.253125 0.4234375 0.02421875 0.06171875
3 0.30625 0.4328125 0.025 0.0765625
4 0.30703125 0.38125 0.03125 0.06953125
3 0.334375 0.48828125 0.034375 0.0859375
4 0.3296875 0.415625 0.02890625 0.0640625
4 0.890625 0.2703125 0.0171875 0.05859375
4 0.7890625 0.1875 0.01875 0.04453125