3 0.0890625 0.8015625 0.059375 0.159375
3 0.27265625 0.428125 0.03984375 0.0921875
3 0.20859375 0.35 0.03203125 0.07421875
4 0.26875 0.378125 0.02265625 0.0640625
4 0.20546875 0.303125 0.0265625 0.0640625
3 0.25234375 0.30234375 0.0203125 0.0640625
3 0.19921875 0.9484375 0.0578125 0.1
1 0.65234375 0.5359375 0.1296875 0.2625
4 0.090625 0.73671875 0.05625 0.1546875
1 0.4265625 0.18828125 0.0625 0.11640625
1 0.71015625 0.21875 0.0890625 0.09375
1 0.81328125 0.3359375 0.121875 0.11015625
1 0.85390625 0.3078125 0.090625 0.11953125
4 0.2546875 0.22109375 0.01953125 0.0390625
1 0.2828125 0.1953125 0.046875 0.090625
0 0.265625 0.06796875 0.05625 0.09921875
5 0.33828125 0.0734375 0.046875 0.09609375
4 0.2 0.8640625 0.04609375 0.128125
4 0.79375 0.20703125 0.01796875 0.046875
4 0.859375 0.2265625 0.02578125 0.05
5 0.58203125 0.09765625 0.05625 0.07890625
4 0.25234375 0.26328125 0.02421875 0.05
1 0.9795024671875 0.5602430703125 0.9804035062500001 0.5787056078124999 0.9894140328125 0.599419690625 1 0.60437305 0.99662248125 0.518814921875 0.9885906796875 0.525047990625 0.9871614 0.532774425 0.9822056515625001 0.5440320734374999 0.9795024671875 0.5602430703125