5 0.41796875 0.22890625 0.0765625 0.1890625
3 0.2140625 0.87734375 0.046875 0.1546875
3 0.04765625 0.26015625 0.0484375 0.0578125
4 0.21328125 0.79765625 0.0484375 0.1546875
4 0.03359375 0.896875 0.0609375 0.175
1 0.8625 0.86640625 0.24375 0.2640625
1 0.90390625 0.4671875 0.1515625 0.140625
0 0.2859375 0.15234375 0.0703125 0.165625
1 0.28046875 0.4 0.0875 0.1921875
1 0.72734375 0.2828125 0.08359375 0.09765625
1 0.6875 0.21171875 0.08046875 0.07890625
1 0.778125 0.27109375 0.078125 0.10390625
1 0.575 0.16171875 0.0515625 0.07265625
1 0.640625 0.16796875 0.075 0.10703125
1 0.53359375 0.128125 0.0390625 0.04609375
5 0.58203125 0.10625 0.05625 0.10078125
5 0.34140625 0.08203125 0.05234375 0.1