5 0.4046875 0.20546875 0.06875 0.1703125
5 0.91484375 0.3546875 0.1578125 0.165625
3 0.15546875 0.6921875 0.0484375 0.13125
3 0.19453125 0.35390625 0.0234375 0.0671875
0 0.2953125 0.3421875 0.1 0.3125
1 0.6046875 0.62265625 0.125 0.2265625
1 0.70546875 0.2640625 0.08046875 0.0890625
1 0.3515625 0.13359375 0.05 0.0609375
1 0.825 0.390625 0.1171875 0.12421875
1 0.7734375 0.26953125 0.07734375 0.11015625
1 0.6890625 0.2109375 0.07421875 0.0671875
1 0.5765625 0.16015625 0.053125 0.06875
1 0.63359375 0.16484375 0.07421875 0.1015625
1 0.52578125 0.134375 0.05078125 0.053125
1 0.3796875 0.1015625 0.04375 0.05390625
1 0.35390625 0.0734375 0.0375 0.04296875
3 0.05625 0.96640625 0.07578125 0.06640625
4 0.0515625 0.903125 0.0453125 0.12734375
4 0.05625 0.8421875 0.04375 0.06796875
4 0.15625 0.621875 0.0359375 0.09453125
4 0.16328125 0.58984375 0.0359375 0.0734375
4 0.196875 0.31484375 0.02265625 0.0625
5 0.9604275437500001 1 0.888839278125 0.8843750015625 0.74438585 0.933210521875 0.7390293890625 1 0.9604275437500001 1