5 0.90625 0.33359375 0.15625 0.1609375
3 0.471875 0.52265625 0.03125 0.1015625
3 0.22578125 0.3453125 0.0234375 0.065625
3 0.19609375 0.6015625 0.0359375 0.1125
3 0.240625 0.603125 0.034375 0.121875
3 0.32109375 0.36328125 0.0234375 0.0734375
4 0.08203125 0.9609375 0.0578125 0.075
1 0.02578125 0.415625 0.0515625 0.14375
5 0.65 0.7125 0.23515625 0.5609375
0 0.28046875 0.83359375 0.23046875 0.33203125
4 0.27890625 0.2921875 0.03046875 0.05703125
4 0.32421875 0.31796875 0.03203125 0.05
1 0.4359375 0.29921875 0.08046875 0.11953125
1 0.50390625 0.2578125 0.09140625 0.134375
1 0.4203125 0.15703125 0.0625 0.08125
5 0.35703125 0.1078125 0.06640625 0.1125
1 0.95546875 0.503125 0.0890625 0.12109375
1 0.79765625 0.353125 0.1171875 0.12109375
1 0.696875 0.24375 0.08046875 0.090625
1 0.771875 0.2546875 0.0828125 0.1015625
1 0.690625 0.18671875 0.06796875 0.05078125
1 0.6375 0.1484375 0.0625 0.09140625
5 0.58515625 0.10625 0.053125 0.09453125
4 0.228125 0.296875 0.03125 0.05234375
4 0.1953125 0.53359375 0.0328125 0.0609375
4 0.240625 0.52578125 0.025 0.06875