5 0.90625 0.321875 0.15625 0.1625
3 0.21171875 0.8640625 0.0609375 0.1625
3 0.315625 0.5796875 0.034375 0.109375
3 0.29375 0.39453125 0.028125 0.0859375
5 0.45546875 0.271875 0.0984375 0.246875
5 0.3359375 0.0625 0.053125 0.1125
4 0.2125 0.79296875 0.053125 0.1703125
4 0.315625 0.534375 0.034375 0.125
1 0.6171875 0.44765625 0.1125 0.1671875
1 0.9484375 0.49140625 0.1 0.1859375
1 0.071875 0.66875 0.14375 0.35625
4 0.2953125 0.34375 0.02578125 0.04453125
1 0.678125 0.22109375 0.0828125 0.096875
1 0.78203125 0.32890625 0.11328125 0.12421875
1 0.76796875 0.2328125 0.090625 0.10234375
4 0.44453125 0.12421875 0.0203125 0.0515625