5 0.90546875 0.32265625 0.1578125 0.1359375
4 0.25625 0.6859375 0.046875 0.1125
3 0.34765625 0.68671875 0.0390625 0.1265625
3 0.15 0.60234375 0.04375 0.1140625
4 0.1515625 0.5375 0.034375 0.0921875
4 0.20546875 0.49140625 0.034375 0.06328125
4 0.24921875 0.48984375 0.03359375 0.0609375
3 0.30859375 0.49609375 0.0296875 0.0921875
3 0.20625 0.553125 0.034375 0.1
3 0.2515625 0.7453125 0.04375 0.146875
3 0.20078125 0.73828125 0.0515625 0.1515625
3 0.24609375 0.55703125 0.0359375 0.1078125
3 0.22890625 0.2921875 0.0203125 0.05625
5 0.39453125 0.17421875 0.0828125 0.1859375
1 0.740625 0.703125 0.18125 0.290625
0 0.2703125 0.071875 0.065625 0.13828125
1 0.6484375 0.21171875 0.08125 0.0828125
1 0.73984375 0.30078125 0.1125 0.09140625
1 0.76875 0.25234375 0.1078125 0.10625
1 0.7 0.19921875 0.06953125 0.071875
4 0.22890625 0.25625 0.01953125 0.0515625
1 0.92734375 0.46171875 0.14453125 0.17265625
1 0.63125 0.1390625 0.06484375 0.071875
4 0.35 0.60078125 0.0265625 0.0734375
4 0.31015625 0.4421875 0.03203125 0.0609375
4 0.203125 0.65859375 0.03828125 0.06875
4 0.30546875 0.3671875 0.03203125 0.05078125
4 0.8078125 0.20390625 0.01953125 0.04375
4 0.82890625 0.2046875 0.01640625 0.04140625
4 0.4515625 0.1484375 0.01640625 0.0625