5 0.578125 0.61484375 0.24375 0.6265625
3 0.20625 0.8 0.05 0.1375
3 0.26484375 0.79140625 0.0421875 0.1328125
3 0.2296875 0.3171875 0.021875 0.065625
3 0.2703125 0.478125 0.03125 0.090625
3 0.2015625 0.58359375 0.0375 0.1015625
3 0.17734375 0.478125 0.0296875 0.090625
4 0.26484375 0.72421875 0.0421875 0.1640625
3 0.1015625 0.93203125 0.06796875 0.1359375
4 0.096875 0.87265625 0.065625 0.1828125
4 0.27265625 0.96171875 0.0421875 0.0734375
4 0.2046875 0.72578125 0.05 0.1546875
4 0.2703125 0.43828125 0.03125 0.1109375
4 0.2015625 0.534375 0.0375 0.11875
5 0.90859375 0.33515625 0.14609375 0.175
1 0.69765625 0.2703125 0.078125 0.08828125
1 0.84921875 0.3765625 0.13515625 0.1453125
1 0.7671875 0.25703125 0.0859375 0.10703125
5 0.5796875 0.3375 0.14609375 0.24921875
1 0.60390625 0.178125 0.07265625 0.0828125
1 0.6796875 0.19375 0.071875 0.07890625
0 0.2859375 0.15859375 0.08828125 0.23203125
1 0.36875 0.14296875 0.05390625 0.075