5 0.9046875 0.340625 0.15625 0.165625
5 0.36875 0.11328125 0.065625 0.1609375
0 0.26171875 0.32578125 0.1203125 0.4046875
3 0.178125 0.7421875 0.05703125 0.12578125
4 0.17265625 0.646875 0.04140625 0.10703125
1 0.95234375 0.51171875 0.0921875 0.1640625
1 0.4625 0.3609375 0.1125 0.18046875
1 0.78125 0.31796875 0.11484375 0.1265625
1 0.73359375 0.228125 0.08203125 0.0890625
1 0.64453125 0.2203125 0.06328125 0.0734375
1 0.64453125 0.175 0.06953125 0.06328125
1 0.54140625 0.1328125 0.05546875 0.05546875
1 0.5625 0.1015625 0.08828125 0.075