3 0.28671875 0.596875 0.0328125 0.1125
3 0.23359375 0.40390625 0.0265625 0.0734375
3 0.30625 0.3796875 0.025 0.078125
4 0.28515625 0.5203125 0.03125 0.0609375
3 0.33046875 0.5078125 0.0328125 0.09375
0 0.13203125 0.77109375 0.2640625 0.4546875
5 0.37109375 0.1359375 0.0703125 0.15
5 0.64375 0.64296875 0.3 0.6671875
4 0.19296875 0.50625 0.0359375 0.08125
4 0.13515625 0.50703125 0.0359375 0.0796875
1 0.85 0.38671875 0.1453125 0.13359375
5 0.86640625 0.296875 0.13359375 0.1234375
1 0.6671875 0.228125 0.075 0.071875
1 0.31484375 0.078125 0.04765625 0.05703125
1 0.6234375 0.16484375 0.05859375 0.07421875
1 0.56484375 0.13203125 0.04765625 0.05703125
3 0.21015625 0.35078125 0.0296875 0.0625
4 0.2359375 0.35078125 0.025 0.04296875
4 0.2140625 0.2984375 0.0296875 0.0421875
1 0.9779121343750001 0.45671085 0.9816537015625 0.46953286875 0.9853952687499999 0.48021787656250003 0.9912749328125001 0.4893001390625 0.9987580656249999 0.4946426421875 0.99780364375 0.4124326359375 0.9907403875 0.41877907812500004 0.9843262609375 0.4326695921875 0.98058469375 0.4444230953125 0.9779121343750001 0.45671085
3 0.30625 0.33515625 0.02578125 0.0515625