3 0.2390625 0.6640625 0.0375 0.121875
3 0.15234375 0.58671875 0.0390625 0.1046875
3 0.28515625 0.3375 0.0203125 0.065625
3 0.11015625 0.915625 0.0515625 0.1625
4 0.23515625 0.57734375 0.03203125 0.0828125
3 0.221875 0.490625 0.034375 0.090625
3 0.25 0.14921875 0.0125 0.0421875
0 0.915625 0.41796875 0.165625 0.3296875
5 0.50859375 0.38125 0.1609375 0.35625
4 0.1515625 0.53671875 0.0375 0.1203125
5 0.334375 0.071875 0.065625 0.10234375
5 0.76328125 0.246875 0.1109375 0.140625
1 0.65859375 0.22265625 0.075 0.0828125
1 0.58046875 0.35859375 0.034375 0.1
1 0.559375 0.1359375 0.059375 0.05625
1 0.3703125 0.15859375 0.065625 0.0890625
4 0.1109375 0.81015625 0.04453125 0.12109375
4 0.21640625 0.29375 0.02578125 0.07265625
4 0.284375 0.29296875 0.02265625 0.053125
3 0.25703125 0.95390625 0.0671875 0.0921875
4 0.25078125 0.8484375 0.04140625 0.08046875
4 0.25 0.80078125 0.03671875 0.05078125