3 0.33203125 0.615625 0.0328125 0.10625
3 0.25859375 0.51015625 0.0359375 0.1078125
0 0.125 0.746875 0.25 0.503125
0 0.6359375 0.171875 0.14375 0.1875
0 0.69453125 0.1375 0.1046875 0.128125
5 0.47578125 0.39453125 0.1171875 0.2921875
5 0.82578125 0.690625 0.3015625 0.578125
5 0.92578125 0.31484375 0.1453125 0.3046875
4 0.33125 0.540625 0.034375 0.109375
1 0.96328125 0.5296875 0.0703125 0.1375
1 0.4421875 0.20546875 0.08515625 0.10234375
1 0.2734375 0.12890625 0.05859375 0.084375
5 0.3875 0.10390625 0.06953125 0.1171875
1 0.79140625 0.33203125 0.115625 0.16328125
4 0.26171875 0.440625 0.0234375 0.05234375
3 0.771875 0.2078125 0.03125 0.0359375
4 0.77109375 0.178125 0.0171875 0.0359375
3 0.25234375 0.278125 0.02578125 0.04765625
4 0.25078125 0.23515625 0.0203125 0.0359375
4 0.44765625 0.13984375 0.01875 0.04921875
1 0.27421875 0.0703125 0.0421875 0.05703125