2 0.8734375 0.303125 0.25 0.4
3 0.23125 0.52734375 0.034375 0.0984375
3 0.1578125 0.53671875 0.034375 0.0953125
5 0.4796875 0.23828125 0.08203125 0.17265625
0 0.54453125 0.11484375 0.1015625 0.1578125
4 0.23203125 0.48828125 0.0328125 0.1046875
4 0.16875 0.95234375 0.05 0.0921875
4 0.15703125 0.4953125 0.0359375 0.1125
4 0.66796875 0.296875 0.0171875 0.078125
1 0.27890625 0.31796875 0.0640625 0.1359375
1 0.671875 0.7328125 0.19375 0.4
1 0.84453125 0.4078125 0.1328125 0.1375
1 0.27109375 0.165625 0.04140625 0.0796875
1 0.3921875 0.14296875 0.053125 0.084375
1 0.67265625 0.24296875 0.08515625 0.09609375