2 0.71875 0.178125 0.23125 0.26875
5 0.85390625 0.35234375 0.1890625 0.2296875
3 0.259375 0.25078125 0.025 0.0515625
4 0.25859375 0.2125 0.01875 0.04375
1 0.553125 0.38828125 0.09609375 0.190625
4 0.6640625 0.33046875 0.021875 0.0859375
1 0.28046875 0.45390625 0.0859375 0.2078125
1 0.45078125 0.34765625 0.0703125 0.1421875
1 0.6953125 0.265625 0.08671875 0.10703125
5 0.409375 0.1875 0.08046875 0.13203125
5 0.278125 0.10390625 0.04609375 0.0953125
0 0.35390625 0.1125 0.06875 0.1171875
1 0.5421875 0.13046875 0.053125 0.06328125
1 0.96328125 0.37890625 0.0734375 0.20859375
3 0.2359375 0.35625 0.02578125 0.0625
3 0.209375 0.32265625 0.025 0.06953125
4 0.209375 0.2734375 0.01796875 0.03828125
4 0.234375 0.309375 0.02421875 0.03984375
4 0.446875 0.1484375 0.01640625 0.06171875