5 0.70078125 0.23671875 0.1203125 0.1703125
3 0.04296875 0.259375 0.0515625 0.053125
3 0.2484375 0.28359375 0.0265625 0.0546875
0 0.428125 0.2734375 0.103125 0.23125
5 0.60078125 0.65234375 0.2078125 0.4921875
5 0.82109375 0.34609375 0.1296875 0.1765625
1 0.034375 0.43671875 0.06875 0.1734375
1 0.95703125 0.578125 0.0828125 0.159375
5 0.41484375 0.13046875 0.06953125 0.103125
5 0.3078125 0.240625 0.0875 0.18203125
4 0.2484375 0.2453125 0.025 0.04609375
3 0.259375 0.20078125 0.028125 0.0390625
4 0.2578125 0.16875 0.02265625 0.0359375
4 0.23984375 0.3921875 0.03359375 0.053125
3 0.2453125 0.4609375 0.04921875 0.08203125
4 0.046875 0.2296875 0.02109375 0.04375
4 0.06484375 0.921875 0.0734375 0.125
3 0.04921875 0.98671875 0.065625 0.02578125