5 0.6328125 0.40625 0.165625 0.309375
4 0.225 0.58984375 0.0375 0.0859375
1 0.1046875 0.59609375 0.140625 0.2828125
1 0.43359375 0.28671875 0.0578125 0.1078125
1 0.0109375 0.39140625 0.021875 0.0984375
1 0.909375 0.46015625 0.15390625 0.17734375
5 0.96796875 0.39140625 0.0640625 0.1921875
0 0.265625 0.13203125 0.06484375 0.1625
1 0.36875 0.159375 0.06796875 0.07734375
1 0.328125 0.0921875 0.0421875 0.0578125
1 0.76171875 0.25859375 0.071875 0.06640625
1 0.81640625 0.328125 0.10390625 0.1296875
0 0.7125 0.84375 0.3125 0.3125
5 0.30703125 0.76640625 0.1671875 0.4671875
3 0.22734375 0.6671875 0.04375 0.1