1 0.76953125 0.30625 0.11328125 0.115625
5 0.80859375 0.259375 0.13828125 0.14140625
1 0.95234375 0.41328125 0.0953125 0.1078125
3 0.921875 0.3171875 0.046875 0.059375
3 0.15390625 0.2375 0.0390625 0.0375
0 0.2484375 0.26875 0.096875 0.265625
5 0.10234375 0.65546875 0.1234375 0.3984375
4 0.63828125 0.32734375 0.0265625 0.0890625
1 0.478125 0.396875 0.084375 0.175
1 0.940625 0.50234375 0.11875 0.1703125
1 0.66875 0.21015625 0.08203125 0.09765625
1 0.72265625 0.1828125 0.078125 0.07421875
1 0.4421875 0.2125 0.07890625 0.1421875
1 0.365625 0.153125 0.04296875 0.06875
5 0.334375 0.0984375 0.0515625 0.11015625
1 0.3921875 0.11640625 0.06015625 0.06640625