3 0.5390625 0.784375 0.11328125 0.16640625
3 0.87421875 0.81953125 0.1546875 0.16640625
3 0.16875 0.55546875 0.05625 0.11796875
3 0.73046875 0.88359375 0.14453125 0.17734375
3 0.4984375 0.3734375 0.0390625 0.11484375
4 0.29296875 0.3546875 0.01953125 0.08515625
3 0.3234375 0.3578125 0.0328125 0.090625
3 0.39765625 0.2828125 0.0328125 0.08671875
3 0.73046875 0.453125 0.109375 0.11484375
3 0.28828125 0.40078125 0.0328125 0.10078125
3 0.225 0.43046875 0.03125 0.090625
4 0.3296875 0.29921875 0.028125 0.09296875
3 0.321875 0.24296875 0.0234375 0.0625
4 0.7328125 0.85078125 0.0546875 0.19453125
4 0.54296875 0.75859375 0.046875 0.1703125
4 0.8828125 0.7796875 0.0625 0.14921875
4 0.453125 0.940625 0.078125 0.1109375
3 0.70234375 0.4109375 0.05625 0.09375
4 0.434375 0.13046875 0.021875 0.07265625
4 0.1734375 0.5 0.046875 0.1390625
4 0.2234375 0.3921875 0.0328125 0.11796875
4 0.25078125 0.265625 0.025 0.0796875
1 0.6796875 0.64375 0.26953125 0.2671875
1 0.1140625 0.825 0.228125 0.34375
1 0.3421875 0.58515625 0.14453125 0.26015625
1 0.3921875 0.140625 0.05078125 0.09375
1 0.325 0.1375 0.05625 0.10078125
4 0.50390625 0.34453125 0.01953125 0.08671875
3 0.39140625 0.88515625 0.0453125 0.14765625
3 0.4890625 0.93671875 0.0234375 0.08984375
4 0.39140625 0.765625 0.04453125 0.13828125
4 0.3953125 0.25234375 0.02421875 0.08203125
3 0.26953125 0.2109375 0.0234375 0.0625
3 0.284375 0.14375 0.0328125 0.053125
4 0.284375 0.10546875 0.01875 0.05625