5 0.484375 0.384375 0.121875 0.271875
1 0.671875 0.23125 0.08359375 0.084375
5 0.715625 0.15 0.1 0.11875
3 0.178125 0.559375 0.0375 0.1125
3 0.290625 0.5875 0.034375 0.109375
0 0.92890625 0.25390625 0.1390625 0.2015625
4 0.259375 0.2703125 0.0234375 0.053125
4 0.7 0.32734375 0.021875 0.0828125
1 0.6078125 0.78359375 0.16875 0.3671875
1 0.71015625 0.59140625 0.1484375 0.2265625
1 0.9859375 0.565625 0.025 0.090625
5 0.4265625 0.2078125 0.09296875 0.115625
5 0.33671875 0.09375 0.06484375 0.11953125
0 0.425 0.11875 0.07265625 0.08984375
1 0.7984375 0.3453125 0.12265625 0.15859375
1 0.60859375 0.15703125 0.07421875 0.06328125
4 0.18203125 0.49140625 0.02890625 0.0625
3 0.26328125 0.31640625 0.028125 0.0671875
4 0.28984375 0.51640625 0.03359375 0.04140625
4 0.28671875 0.48984375 0.02265625 0.03671875