5 0.67890625 0.53515625 0.1953125 0.3609375
5 0.38984375 0.17578125 0.0671875 0.1609375
0 0.84921875 0.18984375 0.1578125 0.1640625
1 0.5546875 0.29453125 0.1125 0.2203125
4 0.19140625 0.96953125 0.0484375 0.0578125
4 0.703125 0.31875 0.01875 0.075
3 0.25390625 0.15234375 0.01796875 0.03515625
4 0.25234375 0.1234375 0.0171875 0.02421875
4 0.4453125 0.13515625 0.0125 0.0515625
4 0.24609375 0.29453125 0.0234375 0.0484375
1 0.8390625 0.39765625 0.13125 0.1234375
1 0.97890625 0.43828125 0.0390625 0.1015625
1 0.67890625 0.24375 0.09765625 0.115625
1 0.5734375 0.14765625 0.065625 0.07578125
1 0.65546875 0.171875 0.06953125 0.04453125
0 0.2625 0.0609375 0.06953125 0.10703125
5 0.34140625 0.07421875 0.06953125 0.12578125
3 0.25078125 0.34375 0.0359375 0.0671875