2 0.3921875 0.1890625 0.109375 0.209375
1 0.734375 0.24609375 0.1015625 0.10703125
0 0.75234375 0.153125 0.1171875 0.1375
0 0.26796875 0.21640625 0.0828125 0.2140625
5 0.59453125 0.64453125 0.2015625 0.5203125
3 0.209375 0.525 0.0484375 0.084375
4 0.203125 0.45625 0.03359375 0.078125
1 0.5546875 0.3125 0.10390625 0.13828125
1 0.9328125 0.49453125 0.134375 0.1515625
1 0.93984375 0.3875 0.1203125 0.08203125
1 0.66875 0.24375 0.078125 0.084375
3 0.97578125 0.34296875 0.0484375 0.0546875
4 0.98515625 0.31875 0.01875 0.04609375
3 0.88828125 0.3046875 0.05 0.05078125
4 0.89140625 0.27265625 0.025 0.040625