5 0.7921875 0.3 0.159375 0.21875
5 0.48984375 0.21484375 0.0890625 0.2015625
5 0.71015625 0.4984375 0.2890625 0.45
3 0.175 0.6421875 0.0453125 0.128125
4 0.17265625 0.56640625 0.0421875 0.0859375
4 0.24296875 0.971875 0.0421875 0.053125
4 0.18046875 0.53125 0.03046875 0.06171875
3 0.22890625 0.35703125 0.0375 0.075
4 0.22734375 0.30703125 0.015625 0.0640625
3 0.28515625 0.34140625 0.02890625 0.0796875
3 0.3171875 0.3171875 0.03125 0.07578125
1 0.3875 0.18671875 0.06953125 0.11953125
5 0.38359375 0.06875 0.078125 0.10546875
1 0.671875 0.21171875 0.08359375 0.11875
1 0.95 0.39140625 0.1 0.08046875
5 0.97421875 0.46171875 0.0515625 0.1859375