3 0.178125 0.6890625 0.053125 0.134375
3 0.28515625 0.53515625 0.0296875 0.1015625
5 0.83203125 0.74140625 0.3328125 0.5140625
5 0.0390625 0.446875 0.078125 0.321875
4 0.178125 0.634375 0.046875 0.134375
4 0.65390625 0.3234375 0.0171875 0.090625
4 0.284375 0.48984375 0.03125 0.1140625
1 0.49609375 0.51953125 0.1203125 0.2484375
1 0.35625 0.1625 0.06015625 0.0921875
5 0.4296875 0.1484375 0.08984375 0.1484375
5 0.31171875 0.07734375 0.05 0.1125
5 0.35859375 0.07421875 0.053125 0.09765625
5 0.6125 0.1875 0.09453125 0.14609375
1 0.6921875 0.2328125 0.0890625 0.090625
0 0.72109375 0.1453125 0.128125 0.1375
5 0.82109375 0.33671875 0.1671875 0.221875
5 0.8453125 0.2265625 0.15 0.15703125
1 0.9453125 0.40703125 0.10859375 0.159375