5 0.596875 0.3828125 0.146875 0.29375
3 0.29375 0.80390625 0.05 0.1546875
3 0.32265625 0.58984375 0.0359375 0.1078125
3 0.2234375 0.58359375 0.04375 0.1109375
3 0.2078125 0.37578125 0.03125 0.0828125
5 0.08515625 0.7765625 0.1703125 0.446875
3 0.109375 0.62578125 0.04375 0.1203125
3 0.25234375 0.3875 0.0296875 0.08125
4 0.253125 0.3421875 0.03203125 0.06796875
3 0.29453125 0.35078125 0.0234375 0.0765625
0 0.7125 0.1453125 0.10625 0.1375
4 0.29375 0.7421875 0.05 0.159375
4 0.109375 0.57578125 0.04375 0.1171875
1 0.58125 0.66328125 0.146875 0.3046875
1 0.78984375 0.36484375 0.1140625 0.1109375
1 0.7640625 0.240625 0.078125 0.071875
5 0.4046875 0.240625 0.08984375 0.18203125
5 0.45546875 0.2078125 0.0765625 0.1484375
4 0.321875 0.51640625 0.03671875 0.08515625
4 0.29296875 0.30625 0.02734375 0.0578125
4 0.26015625 0.2609375 0.025 0.05703125
5 0.6265625 0.190625 0.1 0.1390625
1 0.5546875 0.12578125 0.05390625 0.0625
5 0.609375 0.10390625 0.0875 0.07734375