5 0.853125 0.7421875 0.29375 0.5
5 0.87265625 0.41796875 0.1859375 0.2328125
3 0.284375 0.80234375 0.04375 0.1421875
3 0.16171875 0.6953125 0.0421875 0.125
3 0.2328125 0.65234375 0.04375 0.1234375
3 0.17265625 0.48203125 0.0296875 0.0890625
3 0.23046875 0.30234375 0.0234375 0.0703125
3 0.14296875 0.22265625 0.0296875 0.0515625
0 0.690625 0.1359375 0.1 0.125
4 0.28515625 0.734375 0.0484375 0.1625
4 0.1609375 0.6328125 0.04375 0.1375
1 0.04140625 0.47109375 0.0828125 0.1828125
1 0.53671875 0.5015625 0.0984375 0.190625
5 0.778125 0.94765625 0.2109375 0.1046875