5 0.18671875 0.36953125 0.1890625 0.38515625
5 0.3390625 0.63125 0.290625 0.72265625
4 0.2984375 0.2375 0.0234375 0.05234375
3 0.4765625 0.4515625 0.03671875 0.08203125
4 0.46796875 0.39375 0.0296875 0.11484375
4 0.253125 0.14765625 0.0171875 0.065625
3 0.646875 0.61484375 0.08671875 0.10859375
4 0.6546875 0.60234375 0.03515625 0.14921875
1 0.721875 0.80234375 0.3734375 0.38203125
1 0.30546875 0.10390625 0.0484375 0.090625
1 0.221875 0.0796875 0.071875 0.10390625
1 0.83671875 0.61796875 0.30625 0.25703125
5 0.36640625 0.15078125 0.0765625 0.209375
3 0.275 0.059375 0.01796875 0.0484375
4 0.290625 0.04609375 0.0125 0.0421875
5 0.321875 0.01875 0.046875 0.0375
3 0.1640625 0.14921875 0.05234375 0.08671875
3 0.5859375 0.27109375 0.04765625 0.071875
3 0.41328125 0.1078125 0.0203125 0.0515625
4 0.41171875 0.07109375 0.015625 0.046875
4 0.2734375 0.02421875 0.02109375 0.0390625