3 0.2125 0.6453125 0.040625 0.128125
3 0.0578125 0.753125 0.0625 0.1625
3 0.95625 0.34296875 0.046875 0.0671875
3 0.18359375 0.45625 0.0328125 0.084375
3 0.16484375 0.38046875 0.03359375 0.0640625
3 0.271875 0.371875 0.025 0.078125
0 0.66015625 0.11953125 0.0921875 0.1171875
4 0.05546875 0.70078125 0.0484375 0.1484375
1 0.15546875 0.85703125 0.1546875 0.2828125
1 0.83671875 0.42109375 0.15 0.1359375
1 0.85703125 0.35703125 0.1234375 0.11015625
1 0.66484375 0.21796875 0.07265625 0.08203125
0 0.253125 0.0671875 0.05 0.1015625
4 0.1625 0.33203125 0.02421875 0.06015625
4 0.2046875 0.29609375 0.025 0.06015625
4 0.209375 0.5671875 0.0265625 0.0796875
4 0.221875 0.540625 0.0328125 0.0671875
4 0.96875 0.3125 0.02578125 0.06640625