4 0.2171875 0.775 0.03203125 0.10234375
3 0.28125 0.6859375 0.04375 0.1375
3 0.21328125 0.43515625 0.0296875 0.0921875
3 0.24453125 0.503125 0.0296875 0.090625
3 0.36015625 0.25 0.0171875 0.053125
3 0.15703125 0.56171875 0.0359375 0.1078125
3 0.2171875 0.865625 0.05625 0.1625
0 0.62109375 0.09453125 0.0828125 0.1046875
0 0.2609375 0.209375 0.08125 0.234375
4 0.28125 0.628125 0.04375 0.153125
4 0.15625 0.5125 0.0375 0.1125
1 0.91796875 0.48359375 0.1609375 0.1640625
1 0.62734375 0.2109375 0.07578125 0.103125
4 0.62421875 0.3296875 0.0328125 0.096875
1 0.7375 0.31328125 0.10859375 0.11640625
4 0.246875 0.44453125 0.03359375 0.08515625
4 0.2171875 0.38359375 0.03203125 0.075
4 0.36328125 0.21953125 0.015625 0.05
4 0.428125 0.13828125 0.021875 0.0796875
1 0.78359375 0.28125 0.08125 0.0875