3 0.459375 0.60625 0.03125 0.109375
3 0.17734375 0.3359375 0.0265625 0.071875
3 0.909375 0.30625 0.0375 0.05625
3 0.04296875 0.234375 0.0484375 0.05625
0 0.6140625 0.09140625 0.078125 0.1046875
0 0.25390625 0.36484375 0.1296875 0.3859375
4 0.61953125 0.3234375 0.0234375 0.090625
1 0.83125 0.25546875 0.08203125 0.103125
4 0.9109375 0.28515625 0.025 0.0671875
4 0.45859375 0.54765625 0.0328125 0.1109375
1 0.83125 0.4 0.1375 0.1375
3 0.1828125 0.9171875 0.05703125 0.16015625
4 0.18125 0.8015625 0.05 0.128125
4 0.1796875 0.28828125 0.02421875 0.0578125
1 0.7046875 0.28203125 0.1140625 0.1171875
1 0.6296875 0.2171875 0.06171875 0.10390625
1 0.7 0.21484375 0.06953125 0.05859375
4 0.42890625 0.14296875 0.02734375 0.06640625