1 0.27578125 0.41015625 0.0640625 0.1359375
5 0.3046875 0.559375 0.075 0.221875
5 0.4640625 0.31328125 0.06875 0.1796875
3 0.7359375 0.74609375 0.04453125 0.0828125
4 0.64375 0.73359375 0.0375 0.1046875
4 0.48203125 0.86015625 0.0421875 0.1140625
4 0.72890625 0.54921875 0.028125 0.103125
4 0.7328125 0.67421875 0.028125 0.06875
3 0.6515625 0.796875 0.04140625 0.08125
3 0.48359375 0.93828125 0.05078125 0.0984375
5 0.21640625 0.31171875 0.05078125 0.09609375
1 0.0421875 0.3234375 0.05625 0.071875
1 0.07421875 0.27421875 0.0390625 0.046875
1 0.11796875 0.26171875 0.04375 0.05234375
1 0.0234375 0.290625 0.04609375 0.0625
1 0.0390625 0.2515625 0.034375 0.03203125
4 0.75625 0.47109375 0.0203125 0.08515625
4 0.7734375 0.4375 0.02265625 0.04765625
3 0.51015625 0.453125 0.02578125 0.03515625
4 0.5125 0.4171875 0.01953125 0.04453125
3 0.51953125 0.540625 0.0328125 0.053125
4 0.51953125 0.4890625 0.01796875 0.04453125
3 0.5703125 0.54609375 0.034375 0.053125
4 0.615625 0.53828125 0.01953125 0.0609375
3 0.609375 0.65078125 0.03046875 0.07109375
4 0.56640625 0.5 0.0203125 0.05078125
3 0.5359375 0.45546875 0.03203125 0.03828125
3 0.56484375 0.41640625 0.02421875 0.04296875
3 0.52578125 0.384375 0.02109375 0.02734375
4 0.52265625 0.3546875 0.01953125 0.040625
3 0.44140625 0.75859375 0.03984375 0.06640625
4 0.44609375 0.70390625 0.03359375 0.071875
4 0.44140625 0.67109375 0.0328125 0.04296875