2 0.203125 0.30703125 0.115625 0.2578125
4 0.490625 0.746875 0.03828125 0.090625
3 0.56953125 0.66484375 0.0328125 0.1109375
3 0.49921875 0.60234375 0.0296875 0.0890625
5 0.08515625 0.59296875 0.1703125 0.3078125
3 0.68125 0.8390625 0.05 0.0921875
4 0.6703125 0.76875 0.0375 0.115625
4 0.7546875 0.515625 0.04375 0.10703125
4 0.85390625 0.53203125 0.0234375 0.1109375
4 0.46171875 0.93046875 0.0453125 0.1359375
3 0.4921875 0.82734375 0.03203125 0.090625
3 0.55390625 0.8796875 0.040625 0.0890625
4 0.54765625 0.79765625 0.0359375 0.1078125
1 0.2890625 0.54296875 0.075 0.1390625
1 0.3328125 0.28359375 0.0578125 0.07109375
5 0.328125 0.2203125 0.053125 0.0875
5 0.44140625 0.1890625 0.065625 0.10390625
5 0.30625 0.34921875 0.0796875 0.1296875
4 0.52421875 0.42734375 0.03203125 0.0546875
5 0.55546875 0.346875 0.065625 0.10859375
4 0.56875 0.6203125 0.0390625 0.075
4 0.50234375 0.55078125 0.03671875 0.065625
3 0.55546875 0.55078125 0.034375 0.0515625
4 0.55234375 0.50390625 0.02265625 0.06953125
3 0.646875 0.56796875 0.04375 0.08125
3 0.6109375 0.53671875 0.03359375 0.06796875
4 0.646875 0.5265625 0.02578125 0.06015625
4 0.60546875 0.49140625 0.02734375 0.06640625
4 0.56796875 0.44453125 0.01953125 0.0671875
4 0.6234375 0.44140625 0.02265625 0.065625
1 0.05 0.2484375 0.059375 0.0453125
5 0.0359375 0.2015625 0.06640625 0.08515625