5 0.15234375 0.49453125 0.1203125 0.2078125
3 0.6984375 0.66328125 0.04140625 0.07421875
4 0.95078125 0.584375 0.0359375 0.115625
4 0.75625 0.50078125 0.025 0.0953125
3 0.53984375 0.65546875 0.03984375 0.07421875
4 0.534375 0.60390625 0.028125 0.0984375
1 0.15078125 0.865625 0.1640625 0.265625
1 0.33828125 0.35 0.07265625 0.1
5 0.23515625 0.3265625 0.0859375 0.15703125
5 0.3265625 0.25390625 0.05703125 0.1046875
5 0.53125 0.25625 0.040625 0.07578125
5 0.4328125 0.16171875 0.05234375 0.09609375
2 0.24765625 0.196875 0.07890625 0.1515625
5 0.32421875 0.16875 0.0265625 0.0625
1 0.35078125 0.2234375 0.034375 0.059375
3 0.5 0.55625 0.03515625 0.06328125
4 0.49609375 0.5 0.0234375 0.06015625
3 0.46171875 0.4703125 0.0328125 0.05859375
4 0.46171875 0.42421875 0.02421875 0.05078125
4 0.8046875 0.396875 0.0203125 0.05546875
3 0.4953125 0.44921875 0.025 0.0453125
4 0.496875 0.4046875 0.021875 0.04921875
3 0.525 0.48984375 0.03203125 0.05234375
3 0.58125 0.44921875 0.03828125 0.05234375
4 0.70703125 0.603125 0.02890625 0.06796875
4 0.6953125 0.58515625 0.02109375 0.04765625