5 0.26796875 0.39609375 0.1171875 0.2390625
5 0.109375 0.3953125 0.096875 0.16875
3 0.55546875 0.41796875 0.0203125 0.0515625
5 0.346875 0.80078125 0.171875 0.3953125
5 0.715625 0.8625 0.309375 0.271875
4 0.553125 0.3921875 0.01875 0.071875
4 0.69921875 0.46796875 0.0234375 0.0953125
5 0.2109375 0.246875 0.059375 0.0953125
5 0.21171875 0.17109375 0.05 0.06484375
5 0.26328125 0.16640625 0.02734375 0.07890625
1 0.2953125 0.215625 0.046875 0.06015625
1 0.28828125 0.153125 0.03046875 0.0453125
3 0.4109375 0.38046875 0.025 0.03828125
4 0.409375 0.33671875 0.02734375 0.03515625