1 0.04609375 0.1890625 0.0921875 0.246875
3 0.153125 0.609375 0.053125 0.15625
3 0.484375 0.76015625 0.09765625 0.20859375
3 0.2125 0.8875 0.078125 0.21875
3 0.3703125 0.1703125 0.0375 0.0765625
3 0.01953125 0.55234375 0.0390625 0.20859375
3 0.64140625 0.35078125 0.0609375 0.096875
3 0.6078125 0.26015625 0.0546875 0.08359375
4 0.365625 0.1328125 0.01953125 0.0640625
3 0.41328125 0.1390625 0.0296875 0.0625
3 0.8375 0.24140625 0.0625 0.07265625
3 0.1296875 0.19765625 0.0296875 0.096875
3 0.71875 0.23125 0.0625 0.07265625
3 0.9109375 0.2203125 0.0484375 0.07265625
3 0.4921875 0.2328125 0.04296875 0.06953125
3 0.4671875 0.16171875 0.03515625 0.065625
3 0.759375 0.2203125 0.0625 0.065625
4 0.37421875 0.903125 0.0796875 0.1875
3 0.275 0.6796875 0.08671875 0.15390625
4 0.2734375 0.63515625 0.06640625 0.20859375
4 0.60859375 0.22734375 0.0328125 0.08671875
4 0.4890625 0.71015625 0.0640625 0.17734375
4 0.153125 0.55390625 0.0484375 0.1703125
4 0.93359375 0.246875 0.0390625 0.1109375
4 0.7578125 0.190625 0.02734375 0.08359375
4 0.46484375 0.1375 0.02734375 0.07265625
4 0.84453125 0.2171875 0.0328125 0.09375
3 0.8078125 0.4515625 0.07734375 0.11953125
4 0.79296875 0.403125 0.05078125 0.090625
4 0.965625 0.27578125 0.0328125 0.11484375
3 0.284375 0.23203125 0.03828125 0.06875
4 0.271875 0.1859375 0.02734375 0.08671875
4 0.378125 0.103125 0.0203125 0.0671875
4 0.4109375 0.11640625 0.021875 0.07265625
4 0.640625 0.3125 0.03515625 0.090625
4 0.075 0.88203125 0.071875 0.22890625
1 0.22578125 0.24296875 0.115625 0.16640625
1 0.7203125 0.546875 0.26171875 0.28828125
1 0.14453125 0.08125 0.07421875 0.08671875
1 0.92578125 0.48125 0.14453125 0.19765625
4 0.20625 0.80546875 0.0515625 0.14921875
3 0.0875 0.9375 0.0859375 0.125
4 0.01875 0.4890625 0.0328125 0.10078125
3 0.66640625 0.20234375 0.05703125 0.0578125
4 0.665625 0.1625 0.02109375 0.065625
3 0.68125 0.07109375 0.04296875 0.040625
4 0.67734375 0.03515625 0.01796875 0.0484375
3 0.93359375 0.159375 0.040625 0.05
4 0.93671875 0.13828125 0.015625 0.0703125
3 0.96796875 0.61171875 0.0640625 0.13046875