1 0.6046875 0.74765625 0.13984375 0.31796875
3 0.2953125 0.540625 0.03515625 0.09375
4 0.27890625 0.48671875 0.01875 0.07421875
1 0.3046875 0.41796875 0.1203125 0.17109375
1 0.3234375 0.3140625 0.13359375 0.1015625
0 0.51171875 0.38359375 0.21875 0.36171875
4 0.725 0.88359375 0.04609375 0.159375
4 0.684375 0.5359375 0.021875 0.0890625
3 0.678125 0.40859375 0.02734375 0.0609375
3 0.6859375 0.60703125 0.034375 0.08984375
3 0.75 0.6546875 0.03671875 0.07890625
3 0.3703125 0.8078125 0.05078125 0.13984375
4 0.36328125 0.71484375 0.03515625 0.11015625
3 0.703125 0.53515625 0.02734375 0.0546875
4 0.696875 0.478125 0.02421875 0.07421875
4 0.75078125 0.58359375 0.0265625 0.103125
3 0.6421875 0.38125 0.02421875 0.06015625
4 0.64453125 0.33828125 0.01796875 0.05390625
4 0.68125 0.36953125 0.01796875 0.0640625
3 0.7109375 0.365625 0.028125 0.05390625
4 0.7078125 0.31875 0.0203125 0.05546875
3 0.725 0.95234375 0.0390625 0.0953125
3 0.7171875 0.2890625 0.0453125 0.04609375
4 0.721875 0.2609375 0.0140625 0.0515625