5 0.36640625 0.22265625 0.0421875 0.1140625
3 0.6875 0.6796875 0.034375 0.09375
5 0.3328125 0.45546875 0.065625 0.1890625
5 0.55703125 0.53828125 0.1234375 0.2828125
3 0.46328125 0.515625 0.02890625 0.05390625
4 0.4640625 0.471875 0.02734375 0.065625
4 0.77109375 0.690625 0.03359375 0.09609375
4 0.68515625 0.634375 0.0296875 0.096875
4 0.6734375 0.525 0.0296875 0.0765625
4 0.74609375 0.49921875 0.021875 0.10546875
3 0.6703125 0.58203125 0.0328125 0.05
3 0.76796875 0.75625 0.04765625 0.0921875
3 0.8421875 0.934375 0.078125 0.09765625
4 0.840625 0.83671875 0.03203125 0.109375
4 0.7109375 0.9546875 0.03984375 0.0890625
1 0.04140625 0.69921875 0.0828125 0.09140625
5 0.0671875 0.86640625 0.134375 0.2671875
4 0.790625 0.39296875 0.0171875 0.0546875
1 0.31796875 0.23359375 0.03671875 0.06640625
5 0.2515625 0.23125 0.05625 0.0953125
5 0.28828125 0.175 0.0390625 0.06484375