5 0.1890625 0.359375 0.075 0.18125
5 0.4875 0.3 0.059375 0.140625
4 0.76640625 0.828125 0.0390625 0.1203125
5 0.34140625 0.2984375 0.06640625 0.14140625
1 0.23984375 0.28984375 0.04296875 0.0703125
5 0.36484375 0.15234375 0.0375 0.0765625
5 0.28671875 0.16171875 0.0328125 0.07265625
4 0.62109375 0.8015625 0.03359375 0.09453125
3 0.65078125 0.7734375 0.05078125 0.08671875
4 0.64375 0.69296875 0.0390625 0.07890625
4 0.521875 0.5265625 0.021875 0.08359375
3 0.6890625 0.55078125 0.0359375 0.06953125
4 0.69140625 0.496875 0.02890625 0.0640625
4 0.7515625 0.5 0.0390625 0.10078125
3 0.62734375 0.4828125 0.0296875 0.06015625
4 0.628125 0.43359375 0.02265625 0.05078125
3 0.5453125 0.5234375 0.0328125 0.06015625
4 0.5484375 0.47265625 0.0234375 0.0578125
3 0.52421875 0.58203125 0.03984375 0.0640625
3 0.7125 0.71875 0.04921875 0.075
3 0.77109375 0.909375 0.05625 0.1390625
3 0.6234375 0.88046875 0.0484375 0.12265625
3 0.58203125 0.5203125 0.028125 0.0546875
1 0.06171875 0.190625 0.0578125 0.04921875