1 0.57734375 0.56953125 0.0875 0.13828125
3 0.64140625 0.48828125 0.0234375 0.0671875
3 0.48125 0.51484375 0.021875 0.0703125
5 0.24296875 0.80390625 0.1828125 0.3890625
4 0.73984375 0.94140625 0.0484375 0.1140625
4 0.7515625 0.5125 0.025 0.1
3 0.871875 0.66953125 0.0859375 0.0953125
4 0.8671875 0.63828125 0.034375 0.1140625
4 0.48203125 0.48515625 0.0234375 0.0765625
4 0.64296875 0.465625 0.0234375 0.084375
4 0.53828125 0.7640625 0.03125 0.08984375
4 0.62109375 0.76875 0.03828125 0.10078125
4 0.559375 0.659375 0.03515625 0.07421875
4 0.70625 0.63515625 0.03125 0.0640625
4 0.715625 0.65 0.025 0.065625
3 0.70625 0.715625 0.040625 0.08671875
3 0.55859375 0.725 0.03671875 0.0671875
3 0.628125 0.84765625 0.06015625 0.103125
3 0.53671875 0.85859375 0.05078125 0.10546875