4 0.7546875 0.53515625 0.028125 0.11328125
3 0.5890625 0.540625 0.0390625 0.065625
4 0.59140625 0.48359375 0.02421875 0.05390625
4 0.4703125 0.72421875 0.03671875 0.08046875
4 0.50234375 0.67265625 0.02578125 0.07421875
4 0.58046875 0.73203125 0.03984375 0.09296875
4 0.64296875 0.75 0.034375 0.0890625
4 0.775 0.75546875 0.04453125 0.084375
4 0.68125 0.575 0.0328125 0.0671875
3 0.47734375 0.80546875 0.04765625 0.07890625
3 0.50625 0.7453125 0.04375 0.07421875
3 0.578125 0.80390625 0.04375 0.09453125
3 0.65234375 0.83046875 0.0484375 0.09921875
3 0.69921875 0.7609375 0.03671875 0.0859375
3 0.7828125 0.83984375 0.0453125 0.103125
5 0.38125 0.25859375 0.04765625 0.10546875
1 0.52734375 0.30390625 0.04921875 0.06171875