2 0.9515625 0.45234375 0.09375 0.2203125
3 0.5515625 0.89140625 0.05703125 0.090625
4 0.55 0.82890625 0.040625 0.1171875
4 0.703125 0.9015625 0.0390625 0.0921875
3 0.74765625 0.828125 0.0609375 0.084375
4 0.73359375 0.75859375 0.0421875 0.1203125
1 0.06171875 0.28046875 0.0484375 0.0609375
3 0.66484375 0.73515625 0.04765625 0.06796875
4 0.65625 0.6484375 0.03515625 0.0953125
3 0.69921875 0.953125 0.05 0.09296875
3 0.58984375 0.5390625 0.03671875 0.0640625
3 0.4796875 0.47734375 0.0390625 0.06171875
4 0.584375 0.48359375 0.0296875 0.06796875
4 0.47578125 0.4359375 0.0359375 0.0671875
3 0.51640625 0.4578125 0.03046875 0.05859375
4 0.51484375 0.4203125 0.0296875 0.065625
1 0.51640625 0.2328125 0.040625 0.05859375
3 0.640625 0.54453125 0.03203125 0.0640625
3 0.6875 0.53359375 0.040625 0.071875
4 0.7578125 0.50625 0.0328125 0.10078125
4 0.56328125 0.390625 0.03203125 0.05703125
4 0.60390625 0.39609375 0.0234375 0.07109375
4 0.52890625 0.36484375 0.02578125 0.0546875
4 0.53828125 0.29140625 0.01796875 0.05546875
4 0.80234375 0.403125 0.02265625 0.06015625