3 0.3546875 0.2578125 0.01875 0.0375
3 0.3421875 0.35234375 0.021875 0.0578125
3 0.40234375 0.30078125 0.0203125 0.0546875
3 0.19296875 0.5375 0.0421875 0.103125
3 0.36015625 0.49453125 0.0296875 0.0890625
2 0.7203125 0.5875 0.3328125 0.825
4 0.34296875 0.3265625 0.0234375 0.071875
4 0.40234375 0.2796875 0.0203125 0.065625
4 0.35390625 0.23203125 0.0171875 0.0421875
4 0.35859375 0.46015625 0.0328125 0.0953125
5 0.89609375 0.45078125 0.1828125 0.2609375
5 0.74296875 0.225 0.1140625 0.23125
5 0.64609375 0.15859375 0.0734375 0.1328125
1 0.4734375 0.1640625 0.05625 0.090625
4 0.321875 0.209375 0.01640625 0.04609375
5 0.4453125 0.04296875 0.03203125 0.06640625
5 0.48203125 0.03359375 0.03046875 0.06328125