5 0.271875 0.221875 0.1171875 0.2015625
3 0.16796875 0.4703125 0.04296875 0.11484375
3 0.24921875 0.503125 0.040625 0.1109375
3 0.12578125 0.7375 0.071875 0.16328125
3 0.59375 0.6234375 0.0703125 0.1421875
3 0.39140625 0.2359375 0.025 0.07109375
3 0.4203125 0.21875 0.0234375 0.05546875
3 0.49296875 0.55234375 0.05625 0.125
3 0.32578125 0.65078125 0.05703125 0.0859375
4 0.3234375 0.57890625 0.0328125 0.09453125
4 0.31484375 0.54921875 0.02734375 0.075
3 0.34453125 0.50859375 0.0328125 0.09375
4 0.25 0.4546875 0.0390625 0.1109375
4 0.3875 0.21171875 0.025 0.08359375
3 0.83984375 0.92890625 0.0546875 0.1421875
4 0.83515625 0.88359375 0.053125 0.19765625
3 0.43203125 0.0671875 0.01875 0.04140625
4 0.428125 0.0453125 0.015625 0.06953125
4 0.0640625 0.903125 0.07421875 0.1875
4 0.490625 0.50859375 0.046875 0.121875
4 0.128125 0.68203125 0.071875 0.17734375
4 0.34375 0.471875 0.03515625 0.11796875
4 0.12421875 0.54140625 0.0484375 0.096875
4 0.46953125 0.203125 0.021875 0.0796875
4 0.453125 0.13515625 0.015625 0.06953125
5 0.378125 0.0484375 0.05625 0.096875
4 0.4046875 0.08359375 0.01953125 0.0625
4 0.5890625 0.58359375 0.05625 0.153125
4 0.28984375 0.11484375 0.0171875 0.034375
4 0.1671875 0.425 0.040625 0.11484375
4 0.4171875 0.1875 0.021875 0.06953125
1 0.37109375 0.1546875 0.0546875 0.09375
1 0.35625 0.3296875 0.084375 0.14609375
1 0.5015625 0.44765625 0.16015625 0.18046875
1 0.559375 0.83125 0.3890625 0.3296875
1 0.840625 0.6421875 0.3140625 0.29140625
1 0.2125 0.8921875 0.20703125 0.20859375
4 0.22890625 0.12421875 0.02109375 0.05625
1 0.21640625 0.0765625 0.07734375 0.09296875
1 0.3171875 0.06953125 0.0515625 0.09453125
1 0.32734375 0.03359375 0.0515625 0.0671875
4 0.01953125 0.728125 0.0390625 0.146875
3 0.16953125 0.1421875 0.0609375 0.06484375
3 0.41015625 0.109375 0.0125 0.0421875
3 0.478125 0.2375 0.021875 0.0578125
3 0.45546875 0.16328125 0.01796875 0.04453125
3 0.59375 0.271875 0.05703125 0.06953125
3 0.2296875 0.1546875 0.02265625 0.046875
3 0.27890625 0.06328125 0.01796875 0.0375