2 0.87890625 0.4296875 0.1765625 0.234375
1 0.54375 0.4703125 0.0875 0.221875
3 0.29296875 0.49140625 0.0296875 0.0796875
3 0.3796875 0.88359375 0.05 0.1578125
3 0.2625 0.725 0.0375 0.115625
3 0.38046875 0.221875 0.0140625 0.04375
3 0.1953125 0.53984375 0.040625 0.0984375
3 0.409375 0.23828125 0.0125 0.0421875
4 0.37890625 0.81875 0.0484375 0.159375
4 0.29296875 0.43984375 0.0265625 0.0640625
4 0.409375 0.221875 0.015625 0.05
5 0.98515625 0.5671875 0.0265625 0.128125
5 0.74921875 0.29375 0.0859375 0.14609375
4 0.19765625 0.50078125 0.03359375 0.06796875
4 0.2640625 0.6625 0.0265625 0.084375
4 0.3828125 0.196875 0.0125 0.03984375
3 0.35859375 0.1828125 0.025 0.028125
4 0.36015625 0.159375 0.00859375 0.03671875
3 0.3984375 0.16015625 0.028125 0.03125
4 0.403125 0.14296875 0.01875 0.0328125
4 0.309375 0.271875 0.0125 0.0359375
5 0.453125 0.0859375 0.04453125 0.11484375
5 0.49375 0.08203125 0.03671875 0.06484375
5 0.47421875 0.0359375 0.025 0.03125
5 0.6671875 0.171875 0.084375 0.14296875