3 0.553125 0.7203125 0.109375 0.17734375
3 0.11015625 0.56953125 0.1109375 0.1390625
3 0.5859375 0.9390625 0.12890625 0.11484375
3 0.96484375 0.32265625 0.04296875 0.08359375
3 0.72578125 0.5 0.071875 0.125
3 0.45625 0.34921875 0.0609375 0.0453125
3 0.65703125 0.61640625 0.0796875 0.13515625
3 0.54765625 0.11640625 0.0328125 0.059375
4 0.5921875 0.91328125 0.07421875 0.16640625
3 0.37890625 0.80625 0.15 0.10703125
4 0.384375 0.7484375 0.0546875 0.16328125
4 0.1078125 0.52109375 0.046875 0.1390625
4 0.859375 0.5296875 0.046875 0.13515625
4 0.45625 0.328125 0.0296875 0.07265625
4 0.66796875 0.57265625 0.05078125 0.14609375
1 0.4078125 0.49140625 0.24609375 0.2671875
1 0.12890625 0.82265625 0.2578125 0.346875
1 0.9046875 0.190625 0.1328125 0.125
1 0.70703125 0.2015625 0.15625 0.11796875
1 0.16328125 0.13515625 0.084375 0.11796875
1 0.6609375 0.340625 0.1890625 0.20859375
4 0.82421875 0.5015625 0.040625 0.09140625
4 0.7171875 0.4453125 0.01875 0.10859375
4 0.73203125 0.46875 0.02421875 0.11953125
4 0.97734375 0.27890625 0.01953125 0.09765625
4 0.55078125 0.6828125 0.0375 0.1765625
4 0.3640625 0.15703125 0.0203125 0.0640625
4 0.35546875 0.1578125 0.01171875 0.05
4 0.3828125 0.1390625 0.0203125 0.059375
3 0.42265625 0.1875 0.028125 0.0625
4 0.42734375 0.153125 0.02421875 0.059375
3 0.4671875 0.1734375 0.02109375 0.046875
3 0.44375 0.13203125 0.01875 0.028125
4 0.4671875 0.12578125 0.015625 0.075
3 0.5 0.1984375 0.05390625 0.046875
4 0.49375 0.1515625 0.015625 0.05625
4 0.42109375 0.1 0.01875 0.0359375
4 0.4390625 0.084375 0.01328125 0.0484375
1 0.328125 0.28515625 0.16796875 0.1765625
4 0.29140625 0.184375 0.01796875 0.065625
4 0.32578125 0.1453125 0.025 0.065625
3 0.22265625 0.1625 0.03671875 0.06875
4 0.2140625 0.10078125 0.021875 0.053125
4 0.615625 0.1015625 0.0203125 0.0765625
4 0.55859375 0.090625 0.0140625 0.0640625
4 0.52890625 0.053125 0.02109375 0.078125
4 0.67578125 0.04375 0.02109375 0.046875
1 0.0484375 0.103125 0.06875 0.08046875
1 0.10625 0.0796875 0.05859375 0.08359375
1 0.01953125 0.1546875 0.0390625 0.11640625
1 0.271875 0.121875 0.07734375 0.11171875
1 0.353125 0.09765625 0.090625 0.10078125