5 0.43359375 0.30625 0.0890625 0.309375
5 0.84765625 0.3859375 0.1515625 0.2
3 0.35234375 0.59140625 0.0421875 0.1015625
3 0.19453125 0.540625 0.0421875 0.1
3 0.2484375 0.50234375 0.025 0.0828125
3 0.32109375 0.39296875 0.0265625 0.0796875
4 0.24921875 0.4703125 0.0265625 0.084375
4 0.321875 0.3546875 0.0125 0.05
4 0.19296875 0.49140625 0.0171875 0.05859375
4 0.3546875 0.52890625 0.02578125 0.0703125
1 0.4921875 0.22109375 0.0453125 0.0875
3 0.32734375 0.31875 0.034375 0.03203125
4 0.3234375 0.290625 0.025 0.04375
5 0.5625 0.24296875 0.059375 0.14296875
5 0.7625 0.28125 0.06484375 0.09765625
5 0.684375 0.209375 0.07578125 0.11640625
5 0.5875 0.10234375 0.065625 0.07109375
5 0.6328125 0.16015625 0.05859375 0.06953125
5 0.4953125 0.08125 0.0296875 0.0671875
0 0.83515625 0.20546875 0.1671875 0.1546875
3 0.94765625 0.35234375 0.02578125 0.0453125
4 0.95 0.3171875 0.01640625 0.04765625
3 0.98671875 0.35625 0.0265625 0.0515625
4 0.98828125 0.3203125 0.0109375 0.04609375
4 0.99453125 0.32890625 0.0109375 0.05234375
1 0.40703125 0.04375 0.025 0.03671875
1 0.4546875 0.06796875 0.03046875 0.0625