5 0.1296875 0.0734375 0.090625 0.146875
3 0.6421875 0.59140625 0.03125 0.1171875
3 0.54375 0.21875 0.0125 0.0375
3 0.58515625 0.525 0.0234375 0.06875
4 0.58671875 0.4828125 0.0265625 0.078125
4 0.64453125 0.55625 0.0296875 0.09375
4 0.74296875 0.44296875 0.0328125 0.0640625
1 0.384375 0.1359375 0.04453125 0.078125
1 0.4359375 0.1484375 0.04453125 0.07734375
1 0.4390625 0.08203125 0.04609375 0.07421875
4 0.51640625 0.0890625 0.0140625 0.046875
4 0.5453125 0.19453125 0.015625 0.0515625
1 0.06328125 0.67578125 0.1265625 0.2953125
5 0.42434261093750003 0.2711256078125 0.2922216640625 0.2514950859375 0.071874959375 0.6834821453125 0.0851132203125 0.9974559281250001 0.3279300203125 1 0.4225572203125 0.4067548953125 0.42434261093750003 0.2711256078125
5 0.25234375 0.05234375 0.0578125 0.090625
1 0.3828125 0.21796875 0.07265625 0.084375