2 0.6296875 0.75859375 0.2484375 0.440625
3 0.084375 0.32109375 0.0390625 0.0453125
3 0.17109375 0.328125 0.0328125 0.0453125
1 0.4078125 0.33828125 0.06640625 0.059375
1 0.6328125 0.41171875 0.0625 0.07265625
5 0.59140625 0.29921875 0.06328125 0.08984375
5 0.55625 0.2921875 0.04453125 0.0671875
5 0.671875 0.290625 0.05234375 0.0703125
1 0.62890625 0.25390625 0.0234375 0.040625
5 0.36015625 0.22734375 0.06640625 0.040625
1 0.440625 0.27265625 0.03828125 0.04375
2 0.5484375 0.2515625 0.14296875 0.08671875
2 0.70234375 0.2359375 0.034375 0.0703125
3 0.22265625 0.32109375 0.0328125 0.0359375
4 0.0859375 0.2984375 0.015625 0.034375
4 0.0984375 0.303125 0.0171875 0.05
4 0.2234375 0.3 0.01796875 0.046875
4 0.23359375 0.29609375 0.01171875 0.0390625