5 0.8234375 0.60234375 0.3453125 0.46171875
3 0.7578125 0.8125 0.140625 0.14609375
3 0.1796875 0.5125 0.0390625 0.1078125
3 0.2125 0.38515625 0.0390625 0.090625
3 0.56640625 0.403125 0.04296875 0.090625
3 0.51171875 0.47734375 0.046875 0.11484375
4 0.75703125 0.76875 0.05625 0.184375
3 0.91015625 0.9546875 0.125 0.090625
4 0.92109375 0.9234375 0.0875 0.14609375
4 0.56640625 0.36796875 0.03125 0.11796875
4 0.17890625 0.46171875 0.040625 0.11796875
3 0.0265625 0.9234375 0.053125 0.11796875
4 0.0234375 0.86796875 0.046875 0.1875
4 0.5140625 0.44453125 0.0390625 0.10390625
1 0.246875 0.54140625 0.1390625 0.2640625
1 0.28828125 0.296875 0.0875 0.1703125
1 0.51640625 0.91328125 0.4203125 0.16640625
3 0.48984375 0.36796875 0.0328125 0.0703125
4 0.49296875 0.31796875 0.01796875 0.0765625
4 0.21640625 0.33828125 0.0296875 0.08671875
3 0.12265625 0.340625 0.05234375 0.065625
4 0.11796875 0.31640625 0.03359375 0.10859375
1 0.3359375 0.20625 0.06640625 0.11640625
1 0.43671875 0.22109375 0.0734375 0.11953125
1 0.40625 0.07421875 0.046875 0.11640625
1 0.31640625 0.1125 0.0484375 0.11796875
3 0.3765625 0.165625 0.021875 0.05
4 0.378125 0.1390625 0.01328125 0.046875
3 0.2765625 0.13984375 0.02734375 0.0390625
3 0.440625 0.14140625 0.02578125 0.0421875
4 0.43359375 0.109375 0.021875 0.0609375
4 0.2734375 0.11328125 0.015625 0.046875
3 0.70234375 0.415625 0.0671875 0.10234375