3 0.98046875 0.8 0.03515625 0.128125
3 0.84296875 0.553125 0.065625 0.1015625
3 0.665625 0.3265625 0.03125 0.06953125
3 0.31640625 0.59375 0.0625 0.13203125
1 0.1609375 0.39765625 0.290625 0.2953125
1 0.61640625 0.578125 0.1734375 0.4203125
4 0.13203125 0.6875 0.0484375 0.1390625
3 0.1109375 0.9328125 0.071875 0.134375
4 0.0984375 0.89609375 0.0765625 0.2015625
3 0.46015625 0.09765625 0.0125 0.046875
4 0.46015625 0.08125 0.00859375 0.0359375
1 0.5 0.08671875 0.0390625 0.05546875
3 0.3921875 0.165625 0.01796875 0.0375
1 0.415625 0.1234375 0.03515625 0.065625
1 0.72265625 0.4953125 0.13515625 0.2296875
3 0.34765625 0.26640625 0.0171875 0.05625
3 0.37265625 0.30703125 0.015625 0.0609375
4 0.3734375 0.25625 0.01796875 0.0640625
4 0.31796875 0.55546875 0.0265625 0.10390625
3 0.39453125 0.32890625 0.021875 0.0609375
3 0.43046875 0.32421875 0.0140625 0.08671875
4 0.44140625 0.34296875 0.01484375 0.0640625
3 0.4828125 0.3890625 0.0140625 0.0671875
4 0.4828125 0.32890625 0.01171875 0.0609375
3 0.5078125 0.45234375 0.03046875 0.08671875
4 0.51328125 0.3953125 0.01796875 0.0578125
3 0.38671875 0.43828125 0.03359375 0.065625
4 0.40625 0.38046875 0.01953125 0.06875
4 0.39921875 0.28984375 0.0203125 0.059375
4 0.42578125 0.2796875 0.01328125 0.0453125
3 0.59609375 0.23359375 0.021875 0.046875
4 0.59375 0.20859375 0.01796875 0.0578125
4 0.675 0.28671875 0.01796875 0.0625
4 0.690625 0.26484375 0.0234375 0.08515625
4 0.84765625 0.50234375 0.025 0.08984375
3 0.50859375 0.34453125 0.02109375 0.0578125
4 0.509375 0.309375 0.01953125 0.065625
3 0.4421875 0.25078125 0.0234375 0.05625
3 0.48359375 0.259375 0.015625 0.0578125
4 0.478125 0.2234375 0.021875 0.0390625
4 0.521875 0.26875 0.021875 0.0578125
3 0.54921875 0.16875 0.01484375 0.053125
4 0.5453125 0.14453125 0.01484375 0.0359375
3 0.5703125 0.17734375 0.01796875 0.0421875
4 0.56953125 0.1546875 0.009375 0.04375
3 0.14765625 0.7625 0.0578125 0.10390625
3 0.8546875 0.4125 0.06875 0.09296875
3 0.89140625 0.43984375 0.065625 0.10078125
3 0.328125 0.3265625 0.03203125 0.053125
3 0.4171875 0.240625 0.01484375 0.0453125