3 0.60625 0.22890625 0.06875 0.0796875
3 0.45078125 0.725 0.1140625 0.11875
3 0.69765625 0.43984375 0.0984375 0.1078125
3 0.328125 0.0875 0.053125 0.075
3 0.15 0.725 0.115625 0.109375
3 0.5671875 0.1140625 0.05625 0.071875
3 0.5640625 0.6078125 0.1 0.10625
3 0.5640625 0.0328125 0.05625 0.0625
3 0.234375 0.984375 0.171875 0.028125
4 0.60625 0.19296875 0.06875 0.0953125
4 0.33359375 0.0640625 0.0609375 0.078125
4 0.24140625 0.94296875 0.1453125 0.1109375
4 0.69609375 0.39921875 0.0984375 0.0984375
1 0.94296875 0.26171875 0.1078125 0.2359375