5 0.38125 0.6265625 0.16015625 0.440625
3 0.11015625 0.56796875 0.05625 0.121875
3 0.496875 0.33359375 0.0296875 0.08359375
3 0.6328125 0.496875 0.06640625 0.125
3 0.371875 0.28125 0.0328125 0.0765625
3 0.70390625 0.83671875 0.115625 0.153125
3 0.32109375 0.38046875 0.0375 0.09375
3 0.22734375 0.34375 0.0375 0.090625
3 0.6015625 0.85234375 0.053125 0.1671875
4 0.61328125 0.7953125 0.0625 0.20859375
4 0.7015625 0.80390625 0.06640625 0.21875
3 0.92734375 0.93359375 0.1265625 0.12421875
4 0.93125 0.90625 0.05078125 0.18046875
4 0.79375 0.94609375 0.0765625 0.10078125
4 0.43828125 0.1734375 0.0171875 0.08359375
4 0.6390625 0.46875 0.03125 0.125
4 0.49375 0.3 0.0234375 0.09375
4 0.11015625 0.5140625 0.040625 0.1109375
4 0.4140625 0.275 0.01796875 0.0671875
4 0.3703125 0.24453125 0.015625 0.065625
4 0.42109375 0.2375 0.021875 0.0796875
1 0.1015625 0.88515625 0.203125 0.221875
1 0.278125 0.471875 0.1078125 0.221875
1 0.928125 0.7796875 0.140625 0.246875
4 0.2296875 0.3015625 0.01796875 0.06875
3 0.11953125 0.34296875 0.0640625 0.0765625
4 0.115625 0.321875 0.02578125 0.10390625
3 0.4203125 0.3265625 0.0296875 0.071875
1 0.3109375 0.25078125 0.07578125 0.15390625
5 0.33203125 0.0875 0.078125 0.175
4 0.4234375 0.98203125 0.05703125 0.0359375
4 0.28515625 0.1375 0.01953125 0.053125
4 0.4078125 0.14296875 0.01796875 0.0484375
4 0.3171875 0.32578125 0.02734375 0.08046875
3 0.73984375 0.46484375 0.0921875 0.10859375
3 0.70703125 0.4109375 0.06875 0.0703125
4 0.68515625 0.35234375 0.025 0.09296875