5 0.4421875 0.290625 0.05625 0.18125
3 0.38046875 0.2625 0.0171875 0.053125
3 0.32890625 0.3890625 0.0234375 0.065625
0 0.76796875 0.25 0.1828125 0.259375
4 0.38046875 0.24375 0.0140625 0.05
4 0.38359375 0.12265625 0.0109375 0.0484375
4 0.4125 0.1125 0.0125 0.04375
1 0.975 0.54765625 0.046875 0.1203125
1 0.590625 0.3109375 0.06875 0.140625
1 0.53828125 0.19375 0.0453125 0.071875
1 0.4484375 0.0265625 0.028125 0.0375
5 0.91484375 0.29140625 0.1703125 0.3078125
2 0.63671875 0.096875 0.0578125 0.165625
5 0.53125 0.11328125 0.0375 0.0953125
4 0.33359375 0.3515625 0.0203125 0.0625