3 0.42109375 0.3140625 0.0765625 0.1
3 0.59296875 0.58515625 0.1140625 0.1109375
3 0.22890625 0.31015625 0.0859375 0.0890625
3 0.434375 0.68984375 0.121875 0.1234375
3 0.39140625 0.1 0.0671875 0.08125
3 0.51015625 0.09375 0.0671875 0.078125
3 0.55625 0.25859375 0.075 0.0890625
3 0.6 0.05 0.059375 0.071875
3 0.35234375 0.2671875 0.0671875 0.09375
3 0.6203125 0.16171875 0.071875 0.0828125
4 0.23828125 0.79140625 0.1265625 0.1046875
4 0.42265625 0.28125 0.0734375 0.1
4 0.35234375 0.22578125 0.0671875 0.1015625
4 0.43125 0.625 0.109375 0.121875
4 0.39140625 0.07109375 0.0609375 0.0859375
4 0.55546875 0.2203125 0.0703125 0.0875
4 0.51171875 0.0640625 0.0609375 0.08125
4 0.2328125 0.26640625 0.084375 0.0921875
4 0.6203125 0.1265625 0.06875 0.08125