5 0.95625 0.24765625 0.084375 0.3734375
3 0.54453125 0.17734375 0.0640625 0.0796875
3 0.23203125 0.33125 0.0828125 0.1
3 0.2671875 0.1890625 0.065625 0.078125
3 0.46953125 0.10625 0.0546875 0.06875
3 0.390625 0.17734375 0.059375 0.0765625
3 0.52578125 0.02265625 0.0390625 0.0453125
3 0.46328125 0.4609375 0.0796875 0.1
3 0.61796875 0.09921875 0.0609375 0.0671875
3 0.728125 0.5890625 0.115625 0.115625
3 0.60078125 0.02109375 0.0453125 0.0421875
4 0.4703125 0.07421875 0.05625 0.0859375
4 0.465625 0.40703125 0.0875 0.1109375
4 0.26796875 0.1421875 0.0671875 0.103125
4 0.5421875 0.14609375 0.059375 0.0890625
4 0.61875 0.06875 0.059375 0.08125
4 0.23828125 0.29140625 0.0859375 0.1015625
4 0.72109375 0.54453125 0.0984375 0.1140625
1 0.94453125 0.059375 0.1109375 0.109375