3 0.47890625 0.9046875 0.1328125 0.15
3 0.41015625 0.196875 0.0671875 0.078125
3 0.63046875 0.2390625 0.0765625 0.0875
3 0.540625 0.3375 0.0875 0.096875
3 0.65078125 0.43359375 0.1109375 0.1078125
3 0.49140625 0.5609375 0.0984375 0.115625
3 0.48984375 0.084375 0.0609375 0.071875
3 0.2296875 0.16171875 0.078125 0.0921875
3 0.64609375 0.08203125 0.0640625 0.0734375
3 0.31796875 0.57734375 0.0984375 0.1078125
3 0.559375 0.04375 0.053125 0.06875
3 0.4046875 0.03828125 0.05625 0.0609375
3 0.63515625 0.01640625 0.0453125 0.0328125
4 0.4109375 0.1609375 0.065625 0.09375
4 0.71640625 0.66015625 0.1296875 0.1109375
4 0.23203125 0.128125 0.0703125 0.09375
4 0.490625 0.50546875 0.096875 0.1171875
4 0.5359375 0.2984375 0.075 0.1
4 0.63125 0.196875 0.071875 0.10625
4 0.478125 0.82734375 0.128125 0.1453125
4 0.6421875 0.39140625 0.096875 0.1078125