5 0.89453125 0.03984375 0.2078125 0.0796875
3 0.33671875 0.51015625 0.0953125 0.0984375
3 0.48125 0.30078125 0.071875 0.0859375
3 0.678125 0.48046875 0.10625 0.1109375
3 0.14140625 0.52265625 0.1234375 0.1171875
3 0.53046875 0.70625 0.1265625 0.11875
3 0.5796875 0.090625 0.0625 0.075
3 0.43515625 0.94453125 0.1640625 0.1078125
3 0.40390625 0.040625 0.0578125 0.0625
3 0.45234375 0.0984375 0.0578125 0.078125
4 0.6703125 0.43515625 0.1 0.1140625
4 0.15078125 0.4671875 0.1078125 0.115625
4 0.33125 0.4609375 0.09375 0.1125
4 0.4828125 0.2515625 0.071875 0.1125
4 0.75546875 0.84375 0.1421875 0.1125
4 0.525 0.6109375 0.1125 0.1
4 0.453125 0.0703125 0.059375 0.084375
4 0.58203125 0.06484375 0.0578125 0.0765625