5 0.796875 0.1234375 0.14375 0.1375
5 0.73125 0.03828125 0.11875 0.0765625
3 0.3859375 0.9140625 0.146875 0.15
3 0.30546875 0.534375 0.0984375 0.109375
3 0.5734375 0.23046875 0.05625 0.0609375
3 0.50859375 0.37734375 0.0703125 0.0796875
3 0.46953125 0.16796875 0.0453125 0.0515625
3 0.5328125 0.03671875 0.03125 0.0421875
3 0.5828125 0.04375 0.028125 0.034375
3 0.3640625 0.1890625 0.0375 0.05625
4 0.365625 0.1671875 0.040625 0.06875
4 0.5109375 0.34609375 0.075 0.0828125
4 0.30703125 0.4859375 0.0953125 0.1125
4 0.57109375 0.2046875 0.0484375 0.05625
4 0.3796875 0.84375 0.13125 0.146875
4 0.4703125 0.14921875 0.046875 0.0640625