3 0.3859375 0.4296875 0.021875 0.071875
5 0.86328125 0.75390625 0.2703125 0.4890625
3 0.40390625 0.2390625 0.015625 0.0359375
4 0.2828125 0.4875 0.028125 0.103125
4 0.40234375 0.19453125 0.0171875 0.06875
4 0.38515625 0.39375 0.0234375 0.084375
3 0.3625 0.18203125 0.02734375 0.03046875
4 0.359375 0.1625 0.0125 0.04375
1 0.978125 0.57734375 0.040625 0.1984375
5 0.75625 0.1765625 0.190625 0.1875
5 0.73515625 0.27109375 0.0859375 0.1234375
1 0.4484375 0.0796875 0.0375 0.05546875
5 0.515625 0.07421875 0.03125 0.07265625
5 0.4546875 0.03359375 0.028125 0.0609375
5 0.4921875 0.02578125 0.025 0.0453125
1 0.5328125 0.1671875 0.034375 0.075
5 0.68359375 0.11796875 0.0453125 0.0640625
0 0.61328125 0.084375 0.0859375 0.09921875