1 0.13125 0.39609375 0.125 0.090625
2 0.29140625 0.25625 0.271875 0.12109375
5 0.63125 0.24140625 0.0890625 0.10078125
0 0.4515625 0.24765625 0.06953125 0.065625
2 0.28828125 0.72265625 0.4765625 0.5390625
2 0.79765625 0.7109375 0.2046875 0.578125
5 0.8 0.41640625 0.071875 0.1703125
5 0.83671875 0.2671875 0.03984375 0.0671875
2 0.86796875 0.296875 0.03671875 0.09765625
5 0.6390625 0.375 0.0578125 0.08671875
1 0.71171875 0.40625 0.05390625 0.08671875
1 0.73046875 0.32734375 0.0375 0.0640625
1 0.1265625 0.2625 0.06640625 0.0578125
1 0.68125 0.28359375 0.03671875 0.040625
1 0.80234375 0.32734375 0.03359375 0.0390625
1 0.8546875 0.41015625 0.0296875 0.075
1 0.75078125 0.36796875 0.03984375 0.0640625
2 0.553125 0.3015625 0.14375 0.12890625
1 0.559375 0.26328125 0.03125 0.046875