3 0.48984375 0.63359375 0.1109375 0.1109375
3 0.23515625 0.47890625 0.0671875 0.0859375
3 0.37890625 0.21953125 0.0515625 0.0578125
3 0.4265625 0.36796875 0.065625 0.0765625
3 0.525 0.2921875 0.0625 0.065625
3 0.55859375 0.36875 0.0765625 0.078125
3 0.55859375 0.09453125 0.0421875 0.0421875
3 0.434375 0.25625 0.059375 0.065625
3 0.46171875 0.13828125 0.0390625 0.0421875
3 0.5 0.2046875 0.05 0.053125
3 0.4828125 0.05625 0.034375 0.040625
3 0.5390625 0.02109375 0.028125 0.0390625
4 0.23671875 0.4390625 0.0671875 0.10625
4 0.55625 0.334375 0.06875 0.075
1 0.38515625 0.04296875 0.0984375 0.0828125
5 0.8109375 0.1375 0.19453125 0.2109375
5 0.92109375 0.39140625 0.1578125 0.29921875