5 0.8609375 0.225 0.253125 0.24375
3 0.51484375 0.88515625 0.1265625 0.1421875
3 0.30546875 0.88515625 0.1359375 0.1359375
3 0.25390625 0.68515625 0.1109375 0.1109375
3 0.41953125 0.49453125 0.0828125 0.0921875
3 0.428125 0.2359375 0.05625 0.0625
3 0.53671875 0.3328125 0.0671875 0.065625
3 0.46328125 0.1109375 0.0390625 0.04375
5 0.615625 0.0359375 0.153125 0.071875
4 0.5125 0.80625 0.11875 0.125
4 0.03046875 0.7015625 0.0609375 0.140625
4 0.3109375 0.8171875 0.11875 0.146875
4 0.421875 0.446875 0.078125 0.1125
4 0.53359375 0.30625 0.0765625 0.08125
4 0.43046875 0.2078125 0.0546875 0.065625