3 0.29609375 0.47421875 0.0328125 0.10078125
3 0.2921875 0.8765625 0.053125 0.16328125
3 0.86640625 0.8765625 0.0765625 0.190625
3 0.3515625 0.46171875 0.03515625 0.090625
3 0.325 0.3140625 0.021875 0.065625
3 0.384375 0.84375 0.07421875 0.159375
3 0.584375 0.765625 0.078125 0.14921875
4 0.29375 0.80546875 0.053125 0.18046875
3 0.828125 0.6 0.059375 0.13046875
4 0.8296875 0.559375 0.04296875 0.10390625
4 0.29609375 0.4390625 0.0328125 0.1078125
4 0.86875 0.828125 0.0625 0.1421875
1 0.5890625 0.27109375 0.05625 0.1109375
1 0.40703125 0.30546875 0.071875 0.1390625
4 0.39140625 0.2171875 0.0140625 0.0421875
4 0.421875 0.225 0.01328125 0.0421875
1 0.4609375 0.1734375 0.04296875 0.0765625
1 0.68046875 0.4671875 0.11875 0.16328125
4 0.38515625 0.79296875 0.03828125 0.12421875
3 0.4015625 0.75078125 0.08203125 0.14140625
3 0.43125 0.571875 0.0890625 0.09609375
3 0.340625 0.6296875 0.07265625 0.11328125
3 0.5359375 0.403125 0.05625 0.0671875
4 0.534375 0.359375 0.02109375 0.065625
4 0.546875 0.30078125 0.0265625 0.08046875
4 0.48046875 0.33671875 0.021875 0.0640625
4 0.4984375 0.296875 0.015625 0.05
4 0.48046875 0.2640625 0.015625 0.0390625
4 0.50234375 0.23984375 0.0140625 0.04375
3 0.54296875 0.2390625 0.021875 0.0484375
3 0.71484375 0.3828125 0.046875 0.0765625
3 0.903125 0.47265625 0.08203125 0.0734375
3 0.86796875 0.45078125 0.06015625 0.0484375
3 0.8546875 0.42578125 0.06953125 0.059375
3 0.48359375 0.38828125 0.021875 0.075
3 0.41953125 0.478125 0.05078125 0.05625
4 0.35390625 0.39921875 0.028125 0.059375
3 0.35078125 0.37578125 0.03984375 0.05625
3 0.375 0.2296875 0.02109375 0.0453125
3 0.459375 0.28125 0.0234375 0.0515625
3 0.50390625 0.34140625 0.02578125 0.0578125
4 0.37578125 0.18828125 0.01875 0.0453125
3 0.38203125 0.16953125 0.021875 0.0421875
4 0.41328125 0.21171875 0.01328125 0.0421875
3 0.41484375 0.1828125 0.0265625 0.046875
3 0.33046875 0.2359375 0.0328125 0.0453125
3 0.47890625 0.30390625 0.02578125 0.0421875
4 0.4046875 0.70625 0.034375 0.11796875
4 0.3359375 0.58125 0.03125 0.11796875
4 0.58984375 0.72265625 0.0390625 0.1578125
4 0.725 0.3515625 0.03359375 0.09453125
4 0.54140625 0.19765625 0.02421875 0.0640625
4 0.56875 0.184375 0.02421875 0.071875
4 0.359375 0.3375 0.028125 0.08515625
4 0.4296875 0.53046875 0.025 0.11328125
4 0.425 0.434375 0.0234375 0.0578125
4 0.45859375 0.24375 0.01875 0.0515625
4 0.340625 0.12890625 0.01796875 0.05625
4 0.384375 0.14453125 0.0125 0.0421875
4 0.41484375 0.153125 0.01484375 0.05
4 0.396875 0.1171875 0.0109375 0.0390625
3 0.50859375 0.115625 0.01328125 0.0296875
4 0.5109375 0.090625 0.01328125 0.0484375
4 0.5515625 0.103125 0.01171875 0.0421875
4 0.56640625 0.09609375 0.015625 0.053125
4 0.471875 0.22265625 0.015625 0.046875
1 0.4421875 0.0890625 0.03515625 0.059375
1 0.4328125 0.02578125 0.025 0.040625