5 0.63125 0.33125 0.09375 0.225
5 0.784375 0.2625 0.140625 0.16875
3 0.2484375 0.59609375 0.046875 0.1015625
5 0.96015625 0.50625 0.0765625 0.334375
4 0.25234375 0.5515625 0.0453125 0.109375
1 0.44375 0.2234375 0.04375 0.090625
5 0.46171875 0.109375 0.0421875 0.1140625
5 0.6546875 0.08359375 0.115625 0.09140625
5 0.67265625 0.1578125 0.0609375 0.090625
5 0.53671875 0.1203125 0.0640625 0.146875
3 0.83125 0.17890625 0.01796875 0.03671875
4 0.8375 0.16171875 0.0125 0.0375
3 0.7515625 0.12734375 0.01875 0.0265625
4 0.7515625 0.109375 0.0109375 0.03359375
3 0.39453125 0.08671875 0.0171875 0.02265625
4 0.39453125 0.0703125 0.0125 0.0234375
3 0.4046875 0.0765625 0.01328125 0.028125
4 0.40546875 0.0609375 0.0109375 0.0265625
3 0.40546875 0.03984375 0.01171875 0.0171875
4 0.40546875 0.0265625 0.0109375 0.0171875
3 0.85 0.20390625 0.01640625 0.03046875
3 0.9203125 0.246875 0.0234375 0.04375
1 0.8546875 0.28828125 0.08203125 0.10625
5 0.50546875 0.04140625 0.0328125 0.06015625
5 0.48125 0.0125 0.02265625 0.02265625