3 0.44453125 0.40078125 0.0734375 0.0765625
3 0.328125 0.196875 0.053125 0.05625
3 0.48828125 0.25703125 0.0578125 0.0578125
3 0.45234375 0.1203125 0.0359375 0.04375
3 0.49140625 0.184375 0.0453125 0.053125
3 0.3890625 0.20859375 0.05 0.0546875
5 0.88828125 0.628125 0.2203125 0.73125
5 0.73046875 0.0875 0.1984375 0.175
4 0.4453125 0.36796875 0.075 0.0859375
4 0.32890625 0.1765625 0.0515625 0.0625
4 0.39296875 0.1890625 0.0453125 0.065625
1 0.9140625 0.0953125 0.08125 0.053125
1 0.353125 0.05703125 0.10703125 0.08203125