3 0.27265625 0.70390625 0.1203125 0.1109375
3 0.47265625 0.815625 0.1328125 0.125
3 0.46953125 0.42109375 0.0828125 0.0796875
3 0.30859375 0.43671875 0.0734375 0.0859375
3 0.34296875 0.25078125 0.0546875 0.0640625
3 0.046875 0.64765625 0.09375 0.1640625
3 0.4359375 0.053125 0.03125 0.034375
3 0.459375 0.21484375 0.05625 0.0546875
3 0.5265625 0.03984375 0.025 0.0296875
5 0.85546875 0.32578125 0.2859375 0.4578125
4 0.3109375 0.39765625 0.071875 0.0921875
4 0.27109375 0.64375 0.1171875 0.11875
4 0.459375 0.39296875 0.071875 0.0984375
4 0.4703125 0.7375 0.121875 0.109375
4 0.21953125 0.0203125 0.0265625 0.040625
4 0.34296875 0.22578125 0.0546875 0.0734375
1 0.96875 0.11796875 0.059375 0.0578125
1 0.87265625 0.08515625 0.0828125 0.0546875