3 0.30859375 0.7765625 0.1265625 0.128125
3 0.37265625 0.275 0.0609375 0.071875
3 0.2234375 0.5203125 0.09375 0.10625
5 0.85 0.334375 0.29375 0.465625
5 0.93203125 0.759375 0.1328125 0.478125
4 0.3109375 0.72265625 0.11875 0.1328125
4 0.040625 0.6546875 0.08125 0.125
4 0.20546875 0.08515625 0.0359375 0.0671875
4 0.22109375 0.4765625 0.0828125 0.11875
4 0.22109375 0.021875 0.0296875 0.04375
1 0.48203125 0.1203125 0.1140625 0.096875
1 0.82734375 0.04453125 0.0796875 0.0578125
1 0.7 0.040625 0.071875 0.05625