5 0.5890625 0.28671875 0.1 0.2546875
5 0.88203125 0.38984375 0.2328125 0.3921875
1 0.428125 0.45546875 0.075 0.1765625
5 0.459375 0.21171875 0.065625 0.1671875
5 0.53359375 0.1078125 0.0515625 0.1
1 0.4921875 0.03828125 0.040625 0.0546875
5 0.6234375 0.1125 0.053125 0.071875
5 0.7109375 0.1875 0.1 0.121875
1 0.74375 0.18203125 0.0546875 0.05
5 0.66796875 0.08984375 0.0328125 0.06875
5 0.60234375 0.0515625 0.07421875 0.09453125
4 0.765625 0.1171875 0.0125 0.02890625
3 0.3890625 0.15859375 0.02265625 0.034375
4 0.38828125 0.13046875 0.01171875 0.028125
3 0.4015625 0.12578125 0.0171875 0.03515625
4 0.40078125 0.10625 0.0125 0.025
3 0.39453125 0.07890625 0.0125 0.02890625
4 0.3953125 0.05859375 0.00859375 0.0234375
3 0.72734375 0.115625 0.01875 0.0234375
4 0.728125 0.09296875 0.01015625 0.034375
4 0.73359375 0.08828125 0.009375 0.0234375