1 0.62734375 0.67421875 0.13671875 0.23203125
1 0.44453125 0.67421875 0.146875 0.2
1 0.23671875 0.61328125 0.14296875 0.17890625
1 0.05859375 0.67734375 0.1171875 0.2015625
1 0.0421875 0.89375 0.078125 0.21171875
1 0.2 0.97421875 0.13515625 0.0515625
1 0.4578125 0.521875 0.1125 0.11484375
1 0.78671875 0.52109375 0.0796875 0.14453125
1 0.63828125 0.36328125 0.06328125 0.090625
1 0.53671875 0.38046875 0.078125 0.08828125
3 0.88984375 0.89609375 0.034375 0.109375
4 0.8984375 0.8078125 0.0421875 0.08828125
3 0.2046875 0.54453125 0.05390625 0.06953125
4 0.20703125 0.49375 0.02109375 0.053125
4 0.09140625 0.56328125 0.02578125 0.0578125
4 0.1078125 0.553125 0.01953125 0.06484375
3 0.925 0.5125 0.02578125 0.0640625
4 0.928125 0.46640625 0.02109375 0.059375
4 0.8375 0.40703125 0.0171875 0.0390625
4 0.92109375 0.36875 0.01640625 0.0375
3 0.934375 0.7640625 0.02734375 0.09609375
4 0.9375 0.6953125 0.0265625 0.0703125
5 0.753125 0.3 0.06171875 0.1125