1 0.646875 0.83359375 0.26875 0.33203125
1 0.70703125 0.4421875 0.1484375 0.2640625
1 0.75234375 0.25234375 0.09609375 0.146875
3 0.225 0.84765625 0.05859375 0.10390625
4 0.20625 0.75625 0.04921875 0.1015625
3 0.28515625 0.64765625 0.0453125 0.07734375
4 0.271875 0.578125 0.0484375 0.09375
3 0.334375 0.4796875 0.04375 0.06640625
4 0.32109375 0.41953125 0.034375 0.075
3 0.4390625 0.4765625 0.05703125 0.11484375
4 0.43046875 0.39765625 0.03125 0.0640625
4 0.92890625 0.8171875 0.05234375 0.240625
4 0.928125 0.1171875 0.0296875 0.128125
4 0.8859375 0.35625 0.034375 0.109375