1 0.68828125 0.7453125 0.1890625 0.26171875
3 0.37265625 0.615625 0.0453125 0.0984375
4 0.38203125 0.55390625 0.02578125 0.06171875
1 0.42421875 0.48203125 0.09453125 0.1578125
5 0.6265625 0.39765625 0.14140625 0.21875
5 0.86640625 0.91640625 0.2671875 0.16640625
4 0.8109375 0.728125 0.034375 0.0984375
4 0.8640625 0.70078125 0.0359375 0.07734375
4 0.76796875 0.6515625 0.02734375 0.08515625
5 0.29765625 0.27109375 0.0484375 0.0984375
3 0.51640625 0.58125 0.05859375 0.08828125
3 0.4703125 0.521875 0.0296875 0.09375
4 0.52109375 0.53671875 0.01796875 0.05859375