1 0.52109375 0.8546875 0.2265625 0.290625
1 0.0640625 0.91796875 0.12734375 0.1640625
4 0.0296875 0.65859375 0.034375 0.1203125
4 0.17265625 0.928125 0.0421875 0.11484375
3 0.3234375 0.709375 0.06796875 0.1734375
4 0.321875 0.634375 0.0359375 0.09375
3 0.22890625 0.478125 0.0765625 0.09609375
4 0.21875 0.440625 0.02890625 0.0640625
4 0.9765625 0.6078125 0.046875 0.240625
3 0.5671875 0.3234375 0.046875 0.0640625
4 0.56328125 0.2953125 0.02734375 0.071875
3 0.36640625 0.41015625 0.075 0.09375
4 0.3515625 0.3671875 0.0296875 0.071875
4 0.81328125 0.23203125 0.02890625 0.075
4 0.078125 0.553125 0.02734375 0.0640625