1 0.05703125 0.74921875 0.1109375 0.21640625
1 0.69375 0.6828125 0.13359375 0.2375
1 0.6828125 0.48046875 0.0859375 0.10703125
1 0.41015625 0.4234375 0.08984375 0.10390625
1 0.73125 0.38046875 0.05546875 0.08828125
1 0.634375 0.31796875 0.04921875 0.0640625
4 0.8 0.70546875 0.040625 0.09609375
4 0.93203125 0.52734375 0.02578125 0.06640625
4 0.85234375 0.44453125 0.01953125 0.05625
3 0.27421875 0.5796875 0.04375 0.09609375
4 0.27421875 0.53828125 0.02578125 0.07734375
3 0.09375 0.521875 0.034375 0.06640625
4 0.53046875 0.48515625 0.02109375 0.06640625
3 0.596875 0.51171875 0.0375 0.06171875
1 0.465625 0.43515625 0.084375 0.10703125
4 0.59765625 0.46640625 0.01796875 0.0453125