3 0.37265625 0.7359375 0.0328125 0.0984375
4 0.36953125 0.659375 0.0421875 0.06953125
3 0.33203125 0.97109375 0.05390625 0.05703125
4 0.32578125 0.9 0.0421875 0.1015625
3 0.41328125 0.478125 0.0484375 0.05859375
4 0.41015625 0.4421875 0.01796875 0.05078125
5 0.675 0.34453125 0.13984375 0.13359375
3 0.53125 0.5953125 0.04375 0.075
4 0.528125 0.55 0.02265625 0.075
4 0.23828125 0.56328125 0.02265625 0.0640625
3 0.20625 0.525 0.02578125 0.06640625
4 0.20625 0.47578125 0.01953125 0.053125
1 0.69140625 0.7828125 0.21015625 0.29921875
3 0.45546875 0.4296875 0.05390625 0.053125
4 0.45 0.4046875 0.01640625 0.05625
4 0.89921875 0.87578125 0.034375 0.12265625
4 0.74921875 0.94453125 0.03125 0.109375
4 0.7734375 0.94609375 0.0296875 0.10234375
4 0.79375 0.7515625 0.02578125 0.10390625
4 0.91953125 0.71875 0.0328125 0.1015625
4 0.8234375 0.746875 0.02734375 0.09375
4 0.790625 0.6328125 0.02890625 0.08046875
4 0.815625 0.615625 0.02421875 0.07734375
4 0.75 0.56640625 0.02421875 0.06953125
4 0.68984375 0.45546875 0.02734375 0.08828125
4 0.96328125 0.809375 0.0359375 0.08515625