1 0.63359375 0.67421875 0.18515625 0.3765625
1 0.31328125 0.79609375 0.271875 0.40703125
1 0.26171875 0.4953125 0.20703125 0.17890625
1 0.71171875 0.359375 0.10078125 0.18984375
4 0.7515625 0.23203125 0.01953125 0.09609375
3 0.4078125 0.4109375 0.0765625 0.08515625
4 0.39296875 0.36875 0.02265625 0.08046875
1 0.525 0.4609375 0.1578125 0.275
4 0.50546875 0.31953125 0.02578125 0.0828125
3 0.921875 0.2546875 0.02578125 0.07734375
4 0.95859375 0.22265625 0.02421875 0.146875
4 0.92421875 0.184375 0.0296875 0.08515625
4 0.09453125 0.7421875 0.0421875 0.1171875
4 0.09140625 0.36484375 0.02734375 0.071875
3 0.11796875 0.83203125 0.046875 0.09375