3 0.76640625 0.85625 0.0390625 0.109375
4 0.7703125 0.7734375 0.034375 0.0828125
3 0.95078125 0.80546875 0.0453125 0.0984375
4 0.94765625 0.7234375 0.0453125 0.1015625
4 0.83203125 0.73203125 0.0296875 0.090625
3 0.7859375 0.63203125 0.0359375 0.08828125
4 0.790625 0.56875 0.02890625 0.06953125
3 0.92421875 0.62109375 0.0296875 0.06640625
4 0.9203125 0.559375 0.03125 0.06640625
1 0.32734375 0.86015625 0.24921875 0.27265625
1 0.4515625 0.94453125 0.21484375 0.1109375
1 0.4859375 0.49140625 0.10390625 0.128125