3 0.7328125 0.82265625 0.040625 0.1015625
4 0.7359375 0.746875 0.02421875 0.10390625
4 0.91640625 0.52734375 0.02109375 0.05625
3 0.171875 0.534375 0.05234375 0.075
4 0.17265625 0.49296875 0.02109375 0.06171875
1 0.5734375 0.7 0.18203125 0.32578125
1 0.0828125 0.69140625 0.165625 0.2140625
1 0.034375 0.8640625 0.06875 0.271875
1 0.24765625 0.69296875 0.165625 0.2109375
1 0.2734375 0.56328125 0.14453125 0.13359375
3 0.153125 0.434375 0.0484375 0.06171875
4 0.15546875 0.40625 0.01328125 0.05859375
4 0.16328125 0.39296875 0.01328125 0.05859375
5 0.65625 0.45 0.1140625 0.2
1 0.4375 0.615625 0.1109375 0.16328125
1 0.4296875 0.53046875 0.1265625 0.1359375
1 0.45078125 0.42734375 0.09609375 0.1125
1 0.76171875 0.3203125 0.05078125 0.08046875
3 0.575 0.49140625 0.02578125 0.0640625
4 0.5796875 0.44609375 0.02109375 0.053125