3 0.3125 0.32109375 0.059375 0.0703125
3 0.44609375 0.62265625 0.0953125 0.0984375
3 0.50234375 0.44921875 0.0859375 0.0796875
3 0.31484375 0.45546875 0.0734375 0.0859375
3 0.5109375 0.2921875 0.0625 0.065625
3 0.42890625 0.1796875 0.0484375 0.053125
4 0.1515625 0.23671875 0.053125 0.0890625
4 0.10234375 0.10078125 0.0328125 0.0703125
4 0.009375 0.59140625 0.01875 0.0796875
4 0.3140625 0.29296875 0.059375 0.0796875
4 0.50234375 0.41484375 0.0734375 0.0921875
4 0.45 0.56875 0.109375 0.14375
4 0.01640625 0.18359375 0.0328125 0.0546875
4 0.2015625 0.10703125 0.046875 0.0671875
4 0.41015625 0.27421875 0.0640625 0.0703125
4 0.31875 0.42265625 0.08125 0.0796875
4 0.51171875 0.26640625 0.0640625 0.0703125