5 0.75234375 0.58203125 0.359375 0.44140625
3 0.4625 0.3140625 0.07421875 0.10078125
3 0.94453125 0.90625 0.1078125 0.18046875
3 0.9078125 0.23125 0.05859375 0.0796875
3 0.8078125 0.95625 0.1234375 0.08671875
4 0.4625 0.29375 0.0390625 0.1078125
3 0.21875 0.321875 0.03671875 0.08828125
4 0.215625 0.2953125 0.0375 0.13203125
1 0.196875 0.4390625 0.140625 0.23984375
1 0.34375 0.403125 0.1640625 0.22890625
1 0.41484375 0.784375 0.2953125 0.4234375
1 0.578125 0.70859375 0.265625 0.4234375
1 0.45625 0.190625 0.11875 0.11796875
1 0.8984375 0.55546875 0.19921875 0.27109375
1 0.63203125 0.32109375 0.1859375 0.16328125
4 0.82890625 0.90234375 0.0484375 0.1953125
3 0.771875 0.23046875 0.0375 0.09765625
4 0.78359375 0.19921875 0.02109375 0.10546875
4 0.47734375 0.1125 0.01953125 0.0515625
4 0.5265625 0.09609375 0.01796875 0.046875
4 0.54296875 0.09609375 0.02109375 0.05625
4 0.5578125 0.09140625 0.0203125 0.06875
4 0.58515625 0.09140625 0.01953125 0.09453125
3 0.59296875 0.2390625 0.0375 0.0453125
4 0.6171875 0.21875 0.02421875 0.0609375
4 0.10859375 0.25 0.03125 0.0578125
1 0.2046875 0.1515625 0.12109375 0.2046875
3 0.12578125 0.1953125 0.03359375 0.078125
4 0.11328125 0.1390625 0.021875 0.053125
4 0.125 0.15234375 0.02421875 0.0671875
3 0.35859375 0.09921875 0.03828125 0.04375
4 0.35625 0.06484375 0.01328125 0.046875
4 0.36328125 0.0703125 0.0125 0.0546875
3 0.39609375 0.1046875 0.0265625 0.0421875
4 0.39609375 0.06328125 0.0171875 0.05
4 0.43203125 0.10078125 0.0171875 0.046875
4 0.4421875 0.10625 0.01328125 0.0515625
4 0.5328125 0.17265625 0.0140625 0.0640625
4 0.54140625 0.18125 0.01484375 0.06875
3 0.59921875 0.196875 0.04609375 0.05
4 0.6109375 0.17265625 0.01953125 0.0671875
3 0.8609375 0.19296875 0.01953125 0.0703125
4 0.87421875 0.14296875 0.01875 0.0640625
4 0.9171875 0.21328125 0.0203125 0.10859375
4 0.90546875 0.14765625 0.0171875 0.0546875
4 0.928125 0.1375 0.01484375 0.046875
3 0.96953125 0.2625 0.03984375 0.09296875
4 0.98125 0.2234375 0.01875 0.0765625
4 0.94609375 0.16171875 0.01484375 0.0640625
3 0.60390625 0.071875 0.03046875 0.0453125
1 0.290625 0.14765625 0.10234375 0.11796875
1 0.2921875 0.07265625 0.09296875 0.078125
3 0.68359375 0.07421875 0.0375 0.034375
4 0.67734375 0.0515625 0.01953125 0.059375
0 0.05625 0.09765625 0.10625 0.11953125