3 0.70859375 0.4796875 0.01796875 0.0375
4 0.70703125 0.4671875 0.015625 0.059375
3 0.78828125 0.61171875 0.03828125 0.0484375
4 0.7875 0.58828125 0.0234375 0.09375
3 0.86328125 0.69609375 0.04140625 0.065625
4 0.865625 0.6734375 0.02734375 0.10390625
3 0.72109375 0.5296875 0.02734375 0.0515625
4 0.71796875 0.5125 0.0171875 0.07265625
1 0.134375 0.68203125 0.10546875 0.15625
1 0.346875 0.7640625 0.0953125 0.20859375
1 0.5625 0.63203125 0.07421875 0.1109375
1 0.82734375 0.9203125 0.178125 0.153125
1 0.29765625 0.5015625 0.0640625 0.1078125
1 0.52734375 0.421875 0.03515625 0.059375
1 0.53125 0.35625 0.0234375 0.03828125
3 0.97265625 0.83515625 0.053125 0.14296875
3 0.08671875 0.625 0.0375 0.053125
3 0.015625 0.61796875 0.03125 0.0703125
3 0.1671875 0.59609375 0.03984375 0.028125
4 0.015625 0.59765625 0.01484375 0.075
4 0.021875 0.5828125 0.01328125 0.0671875
3 0.0515625 0.57734375 0.02421875 0.0625
3 0.66484375 0.42265625 0.01875 0.034375
3 0.21640625 0.446875 0.025 0.0296875
3 0.153125 0.56796875 0.0171875 0.0375
4 0.0921875 0.59296875 0.01953125 0.06875
4 0.0640625 0.53984375 0.01484375 0.05625
3 0.11171875 0.5296875 0.02734375 0.0484375
4 0.2171875 0.43046875 0.01171875 0.034375
4 0.1109375 0.49453125 0.015625 0.0453125
4 0.11640625 0.44609375 0.01328125 0.034375
3 0.15859375 0.46328125 0.02421875 0.0234375
4 0.1578125 0.45078125 0.01484375 0.0421875
4 0.16875 0.5734375 0.02109375 0.0484375
4 0.05625 0.5546875 0.01328125 0.0484375
4 0.9875 0.8 0.025 0.11484375
4 0.66640625 0.4 0.009375 0.0421875
4 0.16015625 0.53828125 0.01953125 0.046875
1 0.5578125 0.30703125 0.0203125 0.0328125
1 0.575 0.2875 0.01953125 0.0328125
1 0.5953125 0.29140625 0.01328125 0.034375
1 0.43984375 0.34453125 0.02578125 0.0328125