3 0.10859375 0.7796875 0.0765625 0.17734375
3 0.6234375 0.51875 0.07421875 0.1078125
3 0.253125 0.52265625 0.0375 0.1078125
3 0.2078125 0.703125 0.053125 0.14921875
3 0.309375 0.36640625 0.0296875 0.08671875
3 0.9109375 0.72890625 0.0921875 0.11796875
3 0.1171875 0.33671875 0.05078125 0.090625
3 0.4359375 0.94453125 0.09765625 0.10390625
3 0.73359375 0.44609375 0.103125 0.128125
3 0.4984375 0.77890625 0.13046875 0.12421875
4 0.50625 0.734375 0.0546875 0.184375
3 0.57578125 0.70078125 0.0953125 0.11328125
4 0.5640625 0.67890625 0.04296875 0.190625
4 0.11171875 0.6765625 0.04140625 0.11796875
3 0.95234375 0.94765625 0.0640625 0.10390625
4 0.96015625 0.89765625 0.06875 0.19765625
3 0.2453125 0.30078125 0.03515625 0.075
4 0.24609375 0.26875 0.03125 0.09375
3 0.33046875 0.18515625 0.025 0.06171875
4 0.33359375 0.1515625 0.02734375 0.046875
3 0.3609375 0.1375 0.01953125 0.0546875
4 0.3625 0.11796875 0.0171875 0.0765625
4 0.4203125 0.8890625 0.0703125 0.125
4 0.6203125 0.484375 0.0375 0.13515625
4 0.50078125 0.28828125 0.0296875 0.090625
4 0.18984375 0.5421875 0.0328125 0.08359375
3 0.18359375 0.5125 0.0421875 0.06484375
4 0.1796875 0.4625 0.03515625 0.1078125
4 0.20625 0.64765625 0.053125 0.15625
1 0.70703125 0.8421875 0.3515625 0.309375
1 0.38203125 0.39375 0.0921875 0.184375
4 0.12421875 0.328125 0.02734375 0.11328125
4 0.24921875 0.45390625 0.0328125 0.11796875
4 0.31015625 0.315625 0.03671875 0.08203125
4 0.8890625 0.67265625 0.04765625 0.16875
4 0.62265625 0.9578125 0.05390625 0.084375
4 0.44609375 0.9546875 0.053125 0.090625
3 0.5078125 0.3328125 0.03046875 0.0765625
3 0.684375 0.43046875 0.08984375 0.07265625
4 0.6671875 0.38125 0.025 0.0984375
3 0.5234375 0.15 0.0640625 0.06875
1 0.40234375 0.20234375 0.0671875 0.1375
1 0.253125 0.85625 0.2375 0.2875