5 0.79609375 0.28203125 0.1203125 0.1671875
3 0.35 0.26796875 0.01875 0.0515625
3 0.37578125 0.284375 0.0203125 0.0625
1 0.96015625 0.47578125 0.0765625 0.2046875
5 0.77421875 0.13671875 0.0828125 0.1046875
5 0.659375 0.10703125 0.0921875 0.1453125
5 0.47109375 0.0640625 0.0359375 0.071875
5 0.51171875 0.03828125 0.0296875 0.0703125
4 0.3515625 0.23984375 0.02109375 0.03984375
3 0.38359375 0.11328125 0.021875 0.0328125
3 0.38046875 0.1890625 0.0203125 0.034375
3 0.396875 0.23125 0.0296875 0.04609375
4 0.39765625 0.1953125 0.01796875 0.03671875
4 0.3765625 0.25625 0.02421875 0.04609375
4 0.38125 0.16484375 0.015625 0.03046875
1 0.60078125 0.078125 0.04609375 0.05546875
3 0.4078125 0.15 0.02109375 0.0390625
4 0.3828125 0.08984375 0.01796875 0.02578125
4 0.4078125 0.13125 0.015625 0.03046875