2 0.4875 0.25703125 0.06875 0.1671875
2 0.578125 0.1859375 0.05625 0.140625
3 0.3546875 0.50078125 0.03125 0.0828125
3 0.30625 0.396875 0.025 0.078125
4 0.30859375 0.3578125 0.0296875 0.071875
3 0.34921875 0.30546875 0.0203125 0.0578125
3 0.3921875 0.1609375 0.028125 0.040625
4 0.39453125 0.13671875 0.0203125 0.0421875
3 0.42734375 0.1265625 0.0265625 0.040625
4 0.42734375 0.11015625 0.0140625 0.0359375
5 0.4109375 0.05078125 0.05 0.0828125
5 0.46953125 0.04453125 0.0296875 0.0859375
4 0.35703125 0.4640625 0.0421875 0.096875
1 0.86171875 0.38671875 0.1078125 0.1171875
1 0.30859375 0.79375 0.0546875 0.1375
4 0.3203125 0.71015625 0.034375 0.0796875
3 0.3984375 0.33515625 0.040625 0.0671875
4 0.39375 0.2953125 0.021875 0.053125
4 0.353125 0.27421875 0.028125 0.0546875
4 0.39375 0.25546875 0.03125 0.0578125
5 0.83125 0.240625 0.128125 0.190625
5 0.63984375 0.1 0.0640625 0.121875
1 0.696875 0.15390625 0.07265625 0.1140625
3 0.753125 0.1265625 0.02734375 0.0296875
4 0.75 0.11015625 0.0125 0.04296875