3 0.290625 0.47578125 0.03515625 0.10390625
3 0.334375 0.559375 0.0390625 0.11796875
3 0.3984375 0.621875 0.04296875 0.11796875
3 0.325 0.3140625 0.021875 0.065625
3 0.290625 0.91484375 0.0546875 0.16328125
3 0.68046875 0.35390625 0.0296875 0.0765625
3 0.42890625 0.30390625 0.021875 0.065625
3 0.59765625 0.21328125 0.01953125 0.05234375
3 0.565625 0.21875 0.0171875 0.0484375
3 0.3625 0.296875 0.0171875 0.06875
4 0.365625 0.25703125 0.0140625 0.053125
3 0.3921875 0.190625 0.015625 0.0484375
4 0.3953125 0.165625 0.01484375 0.05
3 0.42578125 0.18203125 0.015625 0.05234375
0 0.496875 0.3609375 0.1109375 0.340625
4 0.2921875 0.84375 0.053125 0.19453125
3 0.4828125 0.94921875 0.07890625 0.1015625
4 0.478125 0.89921875 0.0625 0.19453125
3 0.74140625 0.5625 0.0609375 0.11796875
4 0.74140625 0.52109375 0.040625 0.1109375
4 0.29296875 0.4359375 0.03125 0.09375
4 0.33515625 0.5125 0.0375 0.128125
3 0.39609375 0.4671875 0.040625 0.09453125
4 0.3921875 0.4375 0.03515625 0.11796875
4 0.4 0.5765625 0.0390625 0.13203125
3 0.38046875 0.34296875 0.0296875 0.0734375
4 0.378125 0.315625 0.021875 0.096875
1 0.59296875 0.77265625 0.1703125 0.41328125
4 0.6453125 0.315625 0.0203125 0.08515625
3 0.53125 0.20078125 0.0203125 0.0453125
4 0.5328125 0.171875 0.0125 0.053125
4 0.4296875 0.1609375 0.01953125 0.05
4 0.43125 0.26484375 0.02421875 0.071875
3 0.66484375 0.6734375 0.071875 0.12265625
4 0.6625 0.61015625 0.034375 0.13046875
4 0.684375 0.6109375 0.02578125 0.10078125
4 0.83203125 0.971875 0.04296875 0.05546875
4 0.56796875 0.18671875 0.0125 0.0515625
4 0.596875 0.1890625 0.009375 0.05
4 0.6078125 0.1921875 0.01484375 0.04375
3 0.90625 0.46953125 0.0890625 0.08984375
3 0.78984375 0.97890625 0.0546875 0.0421875
3 0.615625 0.3953125 0.04453125 0.07421875
3 0.88671875 0.4546875 0.0875 0.065625
3 0.86484375 0.4234375 0.0875 0.0609375
3 0.5671875 0.1703125 0.025 0.028125