3 0.54765625 0.721875 0.0453125 0.11796875
3 0.3890625 0.3734375 0.02734375 0.065625
3 0.44140625 0.3921875 0.0390625 0.06953125
4 0.4984375 0.278125 0.01953125 0.0625
4 0.9578125 0.809375 0.040625 0.153125
4 0.73046875 0.35234375 0.0234375 0.07265625
4 0.09453125 0.9203125 0.0640625 0.153125
1 0.7671875 0.65078125 0.1640625 0.22578125
1 0.36796875 0.54375 0.0953125 0.23984375
1 0.6828125 0.1234375 0.0296875 0.05234375
1 0.62109375 0.11796875 0.03515625 0.0484375
1 0.71875 0.13515625 0.03125 0.0484375