5 0.5671875 0.25859375 0.103125 0.184375
3 0.1828125 0.7359375 0.053125 0.1390625
3 0.77421875 0.30546875 0.0171875 0.0484375
3 0.3625 0.72421875 0.0296875 0.121875
3 0.325 0.3890625 0.0171875 0.0625
3 0.25625 0.8890625 0.05078125 0.159375
3 0.409375 0.3 0.0171875 0.05234375
3 0.69921875 0.30234375 0.01953125 0.05546875
3 0.73515625 0.296875 0.0171875 0.0453125
4 0.3203125 0.296875 0.0078125 0.065625
4 0.3625 0.6890625 0.0375 0.190625
4 0.78046875 0.39921875 0.025 0.0765625
4 0.328125 0.3625 0.01953125 0.07265625
4 0.18359375 0.68203125 0.04296875 0.15625
4 0.3703125 0.33125 0.0171875 0.07265625
4 0.25859375 0.80390625 0.053125 0.184375
1 0.5015625 0.6125 0.11328125 0.2671875
1 0.46484375 0.23125 0.05859375 0.0796875
1 0.5265625 0.175 0.0484375 0.065625
1 0.5890625 0.153125 0.0375 0.05546875