5 0.384375 0.39375 0.171875 0.2046875
3 0.74296875 0.78984375 0.084375 0.1421875
3 0.03515625 0.61640625 0.04296875 0.1078125
3 0.8734375 0.33125 0.04296875 0.0453125
3 0.61015625 0.41171875 0.0453125 0.059375
3 0.51875 0.4046875 0.0453125 0.07265625
3 0.7703125 0.64609375 0.0953125 0.1109375
3 0.8921875 0.86484375 0.12109375 0.153125
3 0.16875 0.31953125 0.0453125 0.06953125
4 0.6109375 0.39609375 0.02734375 0.0765625
4 0.76875 0.61640625 0.0375 0.1078125
4 0.8765625 0.315625 0.0234375 0.05546875
4 0.74140625 0.7484375 0.0453125 0.121875
1 0.61640625 0.5625 0.18125 0.19453125