5 0.7578125 0.57421875 0.171875 0.3890625
3 0.2296875 0.84609375 0.046875 0.1484375
3 0.3484375 0.29453125 0.034375 0.0609375
3 0.42109375 0.31484375 0.0171875 0.0578125
3 0.2953125 0.659375 0.034375 0.109375
3 0.2859375 0.43515625 0.025 0.0796875
3 0.33671875 0.76875 0.0546875 0.134375
5 0.92265625 0.4671875 0.1515625 0.41875
5 0.53359375 0.73046875 0.2015625 0.5390625
5 0.4796875 0.11640625 0.06875 0.1515625
5 0.41171875 0.10625 0.0546875 0.11875
5 0.71328125 0.15625 0.0765625 0.078125
5 0.59453125 0.06875 0.0546875 0.07109375
1 0.6375 0.1015625 0.059375 0.0875
1 0.734375 0.2390625 0.06875 0.0875
4 0.2984375 0.5875 0.03125 0.09375
4 0.34296875 0.690625 0.0421875 0.103125
4 0.23515625 0.77421875 0.0453125 0.1546875
4 0.28671875 0.396875 0.0234375 0.071875
4 0.3546875 0.26015625 0.021875 0.0546875
4 0.4203125 0.278125 0.021875 0.05625
3 0.34609375 0.2359375 0.0296875 0.034375
4 0.34375 0.2109375 0.01875 0.046875
3 0.36484375 0.240625 0.0234375 0.04375
4 0.36953125 0.21640625 0.0171875 0.0453125
3 0.38046875 0.18671875 0.0234375 0.0359375
4 0.38359375 0.16484375 0.0171875 0.0359375