5 0.284375 0.3 0.115625 0.23984375
3 0.3125 0.625 0.0546875 0.1390625
3 0.659375 0.47890625 0.0609375 0.1109375
3 0.03125 0.88515625 0.0625 0.18046875
3 0.77734375 0.8125 0.12890625 0.153125
3 0.73515625 0.4546875 0.1 0.1109375
3 0.2234375 0.33359375 0.025 0.090625
3 0.56875 0.534375 0.046875 0.14609375
3 0.15703125 0.371875 0.0375 0.06953125
4 0.30859375 0.578125 0.0390625 0.1421875
3 0.25078125 0.940625 0.13125 0.11796875
4 0.24296875 0.890625 0.071875 0.2046875
3 0.24921875 0.55078125 0.0375 0.11640625
4 0.2484375 0.50546875 0.05078125 0.128125
4 0.16796875 0.33671875 0.03515625 0.1109375
4 0.028125 0.81796875 0.05625 0.184375
3 0.49609375 0.340625 0.04140625 0.065625
4 0.49140625 0.315625 0.0296875 0.11796875
4 0.65625 0.4390625 0.046875 0.13515625
3 0.47109375 0.46875 0.0390625 0.09765625
4 0.46796875 0.40625 0.0328125 0.10390625
1 0.4609375 0.925 0.25 0.1421875
1 0.38984375 0.390625 0.0921875 0.16328125
4 0.86484375 0.64609375 0.10546875 0.13046875
1 0.98984375 0.9140625 0.01953125 0.15625
3 0.71640625 0.7203125 0.1171875 0.11171875
4 0.73203125 0.65546875 0.02734375 0.13984375
4 0.753125 0.65078125 0.02578125 0.171875
4 0.79453125 0.784375 0.028125 0.1796875
4 0.871875 0.6109375 0.03828125 0.1765625
3 0.11875 0.35078125 0.04765625 0.0671875
4 0.12421875 0.31328125 0.0296875 0.11796875
4 0.225 0.2859375 0.0125 0.0578125
3 0.46171875 0.2671875 0.0296875 0.0703125
4 0.45703125 0.225 0.01953125 0.0546875
4 0.57109375 0.49609375 0.02421875 0.09296875
4 0.58984375 0.509375 0.02578125 0.11015625
3 0.440625 0.2015625 0.01796875 0.046875
3 0.47421875 0.2328125 0.02109375 0.0484375
3 0.47265625 0.1859375 0.02109375 0.04375
4 0.44375 0.15703125 0.01875 0.0484375
4 0.4703125 0.14296875 0.01171875 0.0453125
1 0.3453125 0.2109375 0.04453125 0.12890625
3 0.35859375 0.16171875 0.0296875 0.0515625
3 0.31875 0.140625 0.02109375 0.03125
4 0.35859375 0.12578125 0.02421875 0.046875