2 0.7046875 0.4515625 0.078125 0.125
3 0.4375 0.69296875 0.08984375 0.11484375
3 0.3375 0.6375 0.08984375 0.1078125
3 0.58984375 0.590625 0.05078125 0.090625
3 0.034375 0.52578125 0.0484375 0.11484375
3 0.46015625 0.4546875 0.0296875 0.0625
3 0.5390625 0.51015625 0.0390625 0.0765625
3 0.73046875 0.60234375 0.0390625 0.0796875
3 0.4890625 0.4703125 0.025 0.065625
3 0.378125 0.52265625 0.0609375 0.09375
3 0.19375 0.515625 0.04296875 0.0796875
4 0.434375 0.64921875 0.040625 0.13203125
4 0.59296875 0.55234375 0.0375 0.10390625
4 0.1828125 0.4828125 0.021875 0.090625
4 0.33203125 0.59921875 0.03515625 0.121875