3 0.3890625 0.47421875 0.05078125 0.07265625
3 0.8703125 0.640625 0.0609375 0.10078125
3 0.6296875 0.434375 0.0484375 0.096875
3 0.5078125 0.50546875 0.0546875 0.0796875
3 0.7203125 0.3875 0.05078125 0.059375
3 0.56328125 0.58359375 0.05625 0.096875
3 0.77421875 0.715625 0.084375 0.125
3 0.01640625 0.5171875 0.0328125 0.10390625
3 0.2390625 0.3890625 0.0453125 0.0765625
3 0.571875 0.4546875 0.03515625 0.0765625
3 0.3359375 0.41875 0.04296875 0.065625
3 0.615625 0.565625 0.05078125 0.096875
3 0.5734375 0.82109375 0.071875 0.13515625
0 0.90625 0.5171875 0.18359375 0.35390625
4 0.87578125 0.60390625 0.0453125 0.1109375
4 0.5703125 0.42890625 0.0234375 0.07265625
4 0.50625 0.47890625 0.02734375 0.08359375
4 0.5703125 0.778125 0.046875 0.13203125
4 0.7703125 0.675 0.040625 0.121875
4 0.609375 0.53984375 0.03125 0.09375
4 0.39453125 0.4515625 0.03125 0.08359375
4 0.7125 0.3734375 0.0234375 0.07265625
1 0.0734375 0.33125 0.1390625 0.11484375