5 0.41015625 0.29140625 0.12890625 0.36796875
3 0.73515625 0.45 0.103125 0.121875
3 0.215625 0.375 0.040625 0.0765625
3 0.57109375 0.46875 0.0484375 0.1109375
4 0.8703125 0.96171875 0.0953125 0.06953125
4 0.471875 0.58359375 0.0375 0.153125
4 0.56953125 0.42890625 0.040625 0.1078125
4 0.5421875 0.5921875 0.040625 0.16328125
4 0.0796875 0.52109375 0.04296875 0.14609375
4 0.12890625 0.53671875 0.04296875 0.1421875
1 0.2296875 0.5296875 0.1546875 0.2953125
1 0.3296875 0.86796875 0.19140625 0.25703125
1 0.328125 0.1265625 0.0546875 0.1078125