3 0.09375 0.89375 0.16015625 0.16328125
3 0.4203125 0.753125 0.10546875 0.159375
3 0.7890625 0.66484375 0.05078125 0.13515625
3 0.1921875 0.52109375 0.040625 0.06953125
3 0.634375 0.546875 0.04296875 0.08671875
3 0.034375 0.5171875 0.0484375 0.096875
3 0.5875 0.5015625 0.02734375 0.07265625
3 0.74609375 0.5953125 0.03125 0.0796875
4 0.10078125 0.84375 0.071875 0.19453125
4 0.41484375 0.69453125 0.0484375 0.096875
4 0.790625 0.63359375 0.03515625 0.128125
4 0.2390625 0.47421875 0.021875 0.0796875
4 0.58984375 0.471875 0.0234375 0.090625
4 0.1828125 0.4828125 0.021875 0.090625
4 0.746875 0.55703125 0.0296875 0.1078125
1 0.1125 0.671875 0.225 0.21171875