3 0.26640625 0.38515625 0.021875 0.0484375
3 0.034375 0.57109375 0.0484375 0.0796875
3 0.57890625 0.528125 0.021875 0.06953125
3 0.859375 0.41328125 0.03515625 0.06953125
3 0.62578125 0.39765625 0.0171875 0.03828125
3 0.49140625 0.465625 0.021875 0.0625
3 0.30078125 0.33828125 0.015625 0.03828125
0 0.1265625 0.35078125 0.1953125 0.19453125
0 0.3421875 0.8015625 0.30625 0.396875
4 0.03046875 0.546875 0.0296875 0.09375
4 0.58125 0.503125 0.021875 0.0765625
4 0.67578125 0.5859375 0.02734375 0.07890625
4 0.53515625 0.5015625 0.0234375 0.06328125
1 0.7546875 0.42890625 0.1 0.08671875