3 0.7921875 0.559375 0.06875 0.096875
3 0.64375 0.49140625 0.053125 0.0796875
3 0.234375 0.9671875 0.06640625 0.059375
3 0.04375 0.55703125 0.0875 0.09375
3 0.13515625 0.7296875 0.04921875 0.13125
3 0.57734375 0.4375 0.0453125 0.06953125
0 0.36015625 0.3453125 0.2203125 0.21875
4 0.23515625 0.9375 0.0640625 0.11796875
4 0.7953125 0.5296875 0.0390625 0.08671875
4 0.57421875 0.41328125 0.03125 0.0765625
4 0.64453125 0.47578125 0.03125 0.096875
1 0.7515625 0.4078125 0.07421875 0.10078125
1 0.86875 0.41328125 0.078125 0.096875