1 0.2859375 0.60390625 0.15 0.35390625
3 0.1578125 0.72734375 0.05078125 0.16328125
3 0.5984375 0.596875 0.0921875 0.11796875
3 0.78828125 0.61953125 0.115625 0.128125
3 0.6953125 0.50546875 0.07421875 0.1078125
3 0.1703125 0.4671875 0.04296875 0.08671875
4 0.62109375 0.465625 0.046875 0.11796875
4 0.5953125 0.55546875 0.046875 0.13203125
4 0.29765625 0.3921875 0.0375 0.096875
4 0.171875 0.42890625 0.0390625 0.121875
4 0.14921875 0.528125 0.0453125 0.1109375
4 0.059375 0.6078125 0.053125 0.16640625
4 0.1546875 0.66171875 0.05859375 0.17734375
1 0.4546875 0.43125 0.1875 0.234375
1 0.50703125 0.31796875 0.0953125 0.1421875
5 0.2703125 0.278125 0.05859375 0.13046875
1 0.2203125 0.08125 0.0765625 0.1359375
3 0.37421875 0.16953125 0.02578125 0.04609375
4 0.3703125 0.1375 0.01796875 0.05234375
3 0.4578125 0.18828125 0.03125 0.08359375
4 0.459375 0.1578125 0.0296875 0.05234375
3 0.40234375 0.1375 0.0296875 0.06328125
4 0.39765625 0.1140625 0.02421875 0.075
3 0.3921875 0.22109375 0.02578125 0.075
4 0.38828125 0.18671875 0.02421875 0.06328125
4 0.1203125 0.24609375 0.0328125 0.11875
3 0.221875 0.2375 0.0375 0.06640625
4 0.21953125 0.20390625 0.02265625 0.06953125
3 0.26953125 0.16640625 0.01796875 0.05234375
4 0.29296875 0.15625 0.01640625 0.04375
3 0.315625 0.24609375 0.0328125 0.07265625
4 0.30859375 0.19375 0.02421875 0.04375
4 0.31875 0.1546875 0.02265625 0.04609375
4 0.3078125 0.1546875 0.009375 0.04609375
3 0.15390625 0.30234375 0.046875 0.121875
4 0.26640625 0.12265625 0.03125 0.06328125
3 0.296875 0.06796875 0.02734375 0.034375
4 0.28671875 0.078125 0.01328125 0.0375
4 0.3 0.10390625 0.02109375 0.04921875
4 0.2984375 0.05078125 0.02734375 0.05234375
3 0.33515625 0.078125 0.0296875 0.04921875
4 0.334375 0.05390625 0.01796875 0.040625
4 0.80625 0.57734375 0.06015625 0.115625
3 0.91796875 0.609375 0.1171875 0.12734375
4 0.92265625 0.56015625 0.0390625 0.11015625
3 0.41171875 0.58125 0.0484375 0.0953125
4 0.41015625 0.546875 0.0296875 0.08359375
3 0.43515625 0.7234375 0.0734375 0.1765625
4 0.425 0.67578125 0.0359375 0.1328125