5 0.81171875 0.534375 0.36875 0.3890625
3 0.3703125 0.57109375 0.0609375 0.09375
3 0.5640625 0.40625 0.03125 0.0625
3 0.6640625 0.36640625 0.02734375 0.059375
4 0.4859375 0.42421875 0.0265625 0.09140625
3 0.48515625 0.44609375 0.0453125 0.0796875
3 0.521875 0.38046875 0.0390625 0.07265625
1 0.184375 0.77109375 0.36875 0.4515625
3 0.4203125 0.46015625 0.0546875 0.0640625
4 0.42265625 0.425 0.0328125 0.08671875
3 0.68828125 0.37265625 0.0265625 0.0625
4 0.69140625 0.34921875 0.02734375 0.08671875
4 0.575 0.36953125 0.0375 0.08671875
4 0.35078125 0.54453125 0.0265625 0.09140625
4 0.3703125 0.54375 0.0296875 0.11484375
1 0.490625 0.3375 0.06484375 0.09140625
4 0.47578125 0.2796875 0.0171875 0.0453125
4 0.66328125 0.3421875 0.025 0.08671875
2 0.5921875 0.2328125 0.10625 0.228125
4 0.521875 0.34296875 0.02109375 0.0734375