3 0.76953125 0.6734375 0.0546875 0.14609375
4 0.76953125 0.621875 0.0546875 0.1390625
3 0.91640625 0.6078125 0.040625 0.09140625
4 0.934375 0.5328125 0.0453125 0.1078125
1 0.109375 0.83125 0.21875 0.3296875
1 0.71015625 0.409375 0.1421875 0.14609375
1 0.86796875 0.28828125 0.1078125 0.125
3 0.484375 0.503125 0.07265625 0.09140625
3 0.44140625 0.46953125 0.034375 0.08359375
3 0.1890625 0.3015625 0.04765625 0.0625
3 0.80234375 0.265625 0.0390625 0.0578125
3 0.64296875 0.35234375 0.05078125 0.0546875
4 0.48828125 0.43984375 0.01796875 0.08515625
4 0.46015625 0.4234375 0.015625 0.0734375
4 0.81328125 0.2265625 0.0125 0.0421875
3 0.990625 0.23984375 0.01796875 0.06875
4 0.6546875 0.31484375 0.01484375 0.08671875
4 0.66484375 0.30234375 0.01328125 0.0765625
3 0.571875 0.24765625 0.025 0.05
3 0.3609375 0.084375 0.0609375 0.0421875
3 0.8703125 0.225 0.02578125 0.0203125
4 0.1796875 0.2578125 0.0171875 0.0765625