3 0.28203125 0.22890625 0.025 0.0765625
3 0.3265625 0.184375 0.0234375 0.0625
3 0.3109375 0.3109375 0.03125 0.08671875
3 0.3625 0.30703125 0.025 0.07265625
3 0.35859375 0.8125 0.0640625 0.1875
3 0.35546875 0.596875 0.046875 0.1390625
3 0.1265625 0.309375 0.04296875 0.090625
3 0.225 0.30703125 0.03125 0.09375
1 0.2203125 0.0640625 0.0703125 0.128125
4 0.3515625 0.54140625 0.03515625 0.1390625
4 0.46875 0.33671875 0.03125 0.10390625
4 0.41484375 0.4203125 0.0375 0.10390625
4 0.2265625 0.27109375 0.02734375 0.096875