3 0.0890625 0.7671875 0.06875 0.215625
3 0.80625 0.6859375 0.12890625 0.1421875
3 0.284375 0.1125 0.021875 0.065625
3 0.38359375 0.08828125 0.0171875 0.05234375
3 0.3578125 0.0625 0.015625 0.04140625
3 0.25 0.25859375 0.02734375 0.07265625
3 0.37109375 0.375 0.03125 0.06953125
3 0.303125 0.0625 0.015625 0.0484375
3 0.3625 0.66328125 0.06875 0.159375
3 0.4546875 0.88515625 0.109375 0.221875
3 0.12890625 0.309375 0.0390625 0.090625
3 0.7578125 0.57265625 0.1015625 0.11796875
3 0.4 0.17734375 0.01953125 0.06953125
3 0.3515625 0.51875 0.046875 0.09375
3 0.3421875 0.4359375 0.03515625 0.065625
4 0.7625 0.55234375 0.053125 0.11796875
4 0.8125 0.64921875 0.0546875 0.1390625
4 0.36640625 0.33359375 0.0296875 0.096875
4 0.39453125 0.30234375 0.0234375 0.096875
4 0.4375 0.2484375 0.01953125 0.08671875
1 0.5375 0.5125 0.21875 0.2328125