1 0.55625 0.5484375 0.13671875 0.2984375
3 0.4140625 0.7953125 0.05078125 0.153125
3 0.14140625 0.68203125 0.0875 0.11484375
3 0.3359375 0.684375 0.05078125 0.1390625
3 0.38671875 0.2828125 0.0234375 0.07265625
3 0.46484375 0.5796875 0.0390625 0.11796875
3 0.37421875 0.40078125 0.0296875 0.09375
3 0.39765625 0.53828125 0.0375 0.1109375
3 0.42890625 0.3265625 0.025 0.0765625
3 0.5375 0.121875 0.01953125 0.0484375
3 0.03046875 0.58125 0.0609375 0.0796875
3 0.346875 0.3578125 0.025 0.0765625
3 0.0484375 0.41171875 0.06640625 0.0796875
3 0.8640625 0.4234375 0.0765625 0.08359375
3 0.2625 0.48125 0.05625 0.10078125
3 0.30859375 0.56953125 0.03515625 0.10390625
3 0.4546875 0.465625 0.02734375 0.0765625
3 0.771875 0.51015625 0.04296875 0.10390625
3 0.41328125 0.2046875 0.0171875 0.05546875
3 0.70234375 0.44609375 0.0328125 0.10078125
3 0.428125 0.6390625 0.0390625 0.11796875
3 0.50390625 0.10390625 0.01171875 0.04140625
3 0.59765625 0.28671875 0.02734375 0.07265625
4 0.0640625 0.91640625 0.0703125 0.159375
4 0.02421875 0.53671875 0.0484375 0.121875
4 0.13359375 0.64609375 0.053125 0.13203125
4 0.634375 0.44453125 0.02734375 0.11796875
4 0.4140625 0.734375 0.046875 0.16328125
4 0.10078125 0.58828125 0.0453125 0.13515625
4 0.63984375 0.28125 0.021875 0.090625