3 0.1046875 0.72734375 0.0453125 0.1421875
3 0.4859375 0.6546875 0.04296875 0.1421875
3 0.63125 0.621875 0.05859375 0.14609375
3 0.6171875 0.8453125 0.09375 0.15625
3 0.48828125 0.925 0.05078125 0.1421875
3 0.534375 0.778125 0.040625 0.1390625
3 0.78984375 0.52109375 0.040625 0.1109375
3 0.6734375 0.4703125 0.0390625 0.1078125
3 0.5328125 0.5765625 0.03515625 0.10390625
3 0.04296875 0.440625 0.0859375 0.08359375
3 0.8640625 0.421875 0.0765625 0.08671875
4 0.21484375 0.96171875 0.06640625 0.06953125
4 0.10078125 0.6734375 0.0484375 0.153125
4 0.58125 0.934375 0.0609375 0.125
4 0.0875 0.97421875 0.0546875 0.0453125
4 0.6125 0.8109375 0.0484375 0.184375
4 0.5359375 0.7203125 0.0453125 0.17734375
4 0.48828125 0.59921875 0.0390625 0.121875
4 0.48828125 0.86640625 0.05859375 0.190625
1 0.35625 0.53984375 0.2203125 0.19765625