3 0.57890625 0.49296875 0.0609375 0.10390625
3 0.06640625 0.815625 0.0859375 0.19453125
3 0.70234375 0.8296875 0.1421875 0.18046875
3 0.3625 0.359375 0.0375 0.10078125
3 0.4578125 0.2015625 0.0171875 0.0484375
3 0.4484375 0.471875 0.05625 0.11796875
3 0.18828125 0.38515625 0.0328125 0.096875
3 0.3234375 0.403125 0.0375 0.06953125
4 0.965625 0.909375 0.0640625 0.13203125
4 0.7046875 0.80703125 0.05078125 0.2046875
4 0.06875 0.73984375 0.0625 0.159375
4 0.33671875 0.9375 0.06875 0.11796875
4 0.4546875 0.175 0.01953125 0.0796875
4 0.26171875 0.90078125 0.05859375 0.190625
4 0.2640625 0.1109375 0.01953125 0.06953125
4 0.48828125 0.36640625 0.02734375 0.09375
4 0.1890625 0.33125 0.03515625 0.121875
1 0.40703125 0.56953125 0.2203125 0.31953125
1 0.39453125 0.23984375 0.08203125 0.13203125