2 0.36875 0.06796875 0.09375 0.07265625
3 0.6953125 0.296875 0.0625 0.09375
3 0.365625 0.5953125 0.0625 0.13515625
3 0.284375 0.546875 0.053125 0.121875
3 0.38359375 0.1546875 0.0328125 0.07265625
3 0.06171875 0.340625 0.0328125 0.096875
3 0.421875 0.13515625 0.0390625 0.06953125
3 0.4703125 0.16875 0.04296875 0.07265625
3 0.1296875 0.50859375 0.05625 0.121875
4 0.365625 0.53671875 0.0546875 0.16328125
4 0.3796875 0.13359375 0.025 0.0796875
4 0.46875 0.15078125 0.0234375 0.0796875
4 0.42265625 0.1109375 0.0171875 0.0765625
4 0.66796875 0.13515625 0.01953125 0.096875
4 0.69609375 0.26875 0.0328125 0.10078125
4 0.81953125 0.13203125 0.0296875 0.090625
4 0.771875 0.14609375 0.02734375 0.096875
1 0.2921875 0.1375 0.0921875 0.1078125
1 0.43828125 0.44765625 0.19375 0.2984375
1 0.878125 0.7640625 0.240625 0.4234375
1 0.55078125 0.24453125 0.140625 0.128125
1 0.2578125 0.26875 0.11328125 0.1703125
1 0.51953125 0.33359375 0.18359375 0.19453125
1 0.89140625 0.5015625 0.2125 0.21171875
1 0.1515625 0.10390625 0.0875 0.125