3 0.43671875 0.60390625 0.040625 0.125
3 0.47265625 0.7984375 0.05078125 0.16640625
3 0.278125 0.590625 0.071875 0.125
3 0.9046875 0.86640625 0.09765625 0.19765625
3 0.36796875 0.39375 0.053125 0.08671875
3 0.85625 0.61953125 0.05625 0.128125
3 0.2734375 0.465625 0.0390625 0.090625
3 0.7953125 0.6375 0.05859375 0.1421875
3 0.3296875 0.38359375 0.03125 0.08671875
3 0.6125 0.35078125 0.025 0.0625
3 0.43671875 0.390625 0.025 0.07265625
4 0.9078125 0.8125 0.05859375 0.13203125
4 0.27734375 0.55546875 0.04296875 0.11796875
4 0.54765625 0.96015625 0.05625 0.07265625
4 0.3875 0.8921875 0.053125 0.20859375
4 0.4375 0.55703125 0.0390625 0.128125
4 0.615625 0.31796875 0.0234375 0.08671875
1 0.51171875 0.47421875 0.09375 0.190625
1 0.4875 0.28671875 0.06875 0.1421875
1 0.78515625 0.9203125 0.265625 0.153125
1 0.45234375 0.153125 0.0375 0.06953125
1 0.5859375 0.2515625 0.0703125 0.10078125
1 0.48046875 0.2046875 0.05078125 0.06953125