3 0.19375 0.80390625 0.06640625 0.190625
3 0.0515625 0.628125 0.0640625 0.14609375
3 0.77265625 0.35625 0.0640625 0.10078125
3 0.540625 0.38515625 0.078125 0.096875
3 0.7078125 0.55390625 0.1109375 0.13515625
3 0.61640625 0.47578125 0.1 0.11796875
3 0.81953125 0.79375 0.134375 0.2046875
3 0.3984375 0.2984375 0.0625 0.10390625
3 0.4625 0.16328125 0.0390625 0.06953125
1 0.63203125 0.2953125 0.228125 0.2640625
4 0.82109375 0.765625 0.0765625 0.190625
4 0.584375 0.86953125 0.078125 0.21171875
4 0.19140625 0.72421875 0.0703125 0.17734375
4 0.76953125 0.325 0.0390625 0.10078125
4 0.853125 0.9515625 0.06640625 0.090625
4 0.59296875 0.425 0.0296875 0.14921875
4 0.621875 0.4390625 0.0453125 0.13515625
4 0.7125 0.50546875 0.046875 0.11484375
4 0.396875 0.26875 0.01953125 0.1078125
4 0.46015625 0.1390625 0.025 0.0765625
1 0.1828125 0.4234375 0.1703125 0.2984375
1 0.3625 0.18203125 0.1265625 0.1421875
1 0.3703125 0.43203125 0.1890625 0.28828125