3 0.0203125 0.69609375 0.0375 0.0796875
0 0.965625 0.325 0.0640625 0.0796875
4 0.1609375 0.5 0.0171875 0.0625
4 0.7546875 0.52421875 0.021875 0.08359375
4 0.0171875 0.671875 0.02734375 0.09375
1 0.271875 0.89609375 0.11328125 0.2015625
1 0.29765625 0.54140625 0.06875 0.1109375
1 0.6234375 0.528125 0.0625 0.10390625
1 0.37421875 0.559375 0.05625 0.096875
1 0.98125 0.67734375 0.0328125 0.090625
1 0.52265625 0.45859375 0.040625 0.0765625
1 0.428125 0.409375 0.03515625 0.05546875
1 0.42109375 0.378125 0.0328125 0.0484375
1 0.34296875 0.44609375 0.0453125 0.07265625