3 0.51875 0.72421875 0.1 0.1421875
3 0.30078125 0.47578125 0.08203125 0.10390625
3 0.4328125 0.57109375 0.1 0.09375
3 0.71796875 0.4859375 0.0453125 0.1109375
3 0.34765625 0.5796875 0.04296875 0.1109375
3 0.67578125 0.8421875 0.11328125 0.2046875
3 0.33671875 0.346875 0.0296875 0.0765625
3 0.8640625 0.4203125 0.0765625 0.090625
3 0.66328125 0.33359375 0.0296875 0.08359375
3 0.0875 0.46875 0.0859375 0.08359375
3 0.40703125 0.42734375 0.025 0.08359375
4 0.51484375 0.690625 0.0484375 0.1390625
4 0.43671875 0.5453125 0.040625 0.125
4 0.3515625 0.53984375 0.0390625 0.1421875
4 0.63203125 0.58515625 0.0453125 0.1421875
4 0.715625 0.4515625 0.0328125 0.10390625
4 0.67109375 0.83515625 0.05625 0.184375
4 0.58671875 0.88359375 0.0796875 0.17734375
1 0.51953125 0.4546875 0.08984375 0.18046875
1 0.4609375 0.16484375 0.046875 0.07265625