3 0.5296875 0.4875 0.01953125 0.05234375
3 0.5625 0.903125 0.03515625 0.11796875
3 0.7109375 0.484375 0.0234375 0.05234375
3 0.5171875 0.39609375 0.015625 0.0484375
3 0.60234375 0.6109375 0.025 0.05546875
0 0.4203125 0.72890625 0.1875 0.47890625
0 0.5953125 0.28671875 0.046875 0.1078125
4 0.603125 0.57109375 0.02734375 0.08671875
4 0.5640625 0.85078125 0.0390625 0.153125
4 0.51171875 0.95625 0.05078125 0.0796875
4 0.5296875 0.45625 0.01953125 0.07265625
4 0.76875 0.2625 0.009375 0.03828125
4 0.7109375 0.46171875 0.01953125 0.0625
4 0.0109375 0.378125 0.0140625 0.06953125
1 0.6671875 0.42734375 0.0953125 0.090625
1 0.9 0.52578125 0.140625 0.1078125
1 0.47265625 0.33671875 0.05078125 0.06953125
1 0.3875 0.515625 0.0875 0.121875