3 0.3515625 0.55546875 0.11328125 0.153125
3 0.675 0.55703125 0.084375 0.1421875
3 0.25078125 0.6265625 0.05625 0.1703125
3 0.575 0.64375 0.0921875 0.16328125
3 0.71875 0.31796875 0.06640625 0.10078125
3 0.61640625 0.44609375 0.071875 0.1078125
3 0.46015625 0.74140625 0.1265625 0.16328125
3 0.65625 0.2015625 0.06640625 0.0765625
3 0.79375 0.22578125 0.0640625 0.0765625
3 0.3390625 0.284375 0.040625 0.096875
3 0.51484375 0.2953125 0.053125 0.090625
3 0.6 0.91875 0.140625 0.15625
4 0.596875 0.88046875 0.071875 0.190625
4 0.16875 0.58359375 0.0609375 0.1875
4 0.11875 0.8875 0.07421875 0.21875
4 0.35 0.52421875 0.05078125 0.153125
4 0.4609375 0.71875 0.0625 0.2015625
4 0.865625 0.9703125 0.078125 0.05234375
4 0.525 0.9359375 0.0703125 0.121875
4 0.6765625 0.5140625 0.053125 0.1390625
4 0.6140625 0.403125 0.0375 0.11796875
4 0.5796875 0.59921875 0.0546875 0.1703125
4 0.97578125 0.4078125 0.0296875 0.09375
4 0.7203125 0.2828125 0.03125 0.09375
1 0.3921875 0.21875 0.13671875 0.14609375
1 0.26953125 0.27578125 0.13671875 0.2046875
1 0.8671875 0.52578125 0.26171875 0.28125
1 0.090625 0.25 0.11875 0.20859375
1 0.9515625 0.815625 0.09375 0.24296875