3 0.02265625 0.671875 0.0453125 0.09375
3 0.20625 0.38359375 0.025 0.0453125
3 0.1515625 0.4390625 0.025 0.05234375
3 0.05390625 0.54140625 0.0453125 0.08359375
3 0.0921875 0.56953125 0.05078125 0.1109375
3 0.5671875 0.47421875 0.0171875 0.05234375
3 0.53125 0.409375 0.01171875 0.0484375
3 0.18359375 0.44765625 0.02734375 0.0625
3 0.271875 0.4671875 0.02734375 0.059375
3 0.58203125 0.54140625 0.0234375 0.08359375
3 0.60078125 0.4875 0.0171875 0.0453125
4 0.14453125 0.8265625 0.03125 0.159375
4 0.56875 0.44765625 0.01953125 0.0625
4 0.0171875 0.64140625 0.034375 0.1109375
4 0.3796875 0.30703125 0.009375 0.0453125
4 0.3984375 0.30234375 0.01171875 0.0484375
4 0.15 0.41875 0.01953125 0.065625
4 0.359375 0.30546875 0.01171875 0.0484375
4 0.184375 0.42890625 0.021875 0.065625
4 0.053125 0.515625 0.03125 0.0796875
4 0.6015625 0.46015625 0.01953125 0.065625
4 0.20390625 0.36640625 0.0171875 0.05234375
4 0.26953125 0.44609375 0.0234375 0.07265625
1 0.4546875 0.265625 0.02734375 0.03828125
1 0.603125 0.34375 0.046875 0.05546875
1 0.63671875 0.41640625 0.08203125 0.090625
1 0.43359375 0.80703125 0.14453125 0.246875