3 0.18359375 0.5625 0.1015625 0.153125
3 0.734375 0.73125 0.08984375 0.1421875
3 0.40625 0.4375 0.05078125 0.13203125
3 0.84375 0.5796875 0.08203125 0.1390625
3 0.425 0.83515625 0.15 0.184375
3 0.60859375 0.7375 0.1109375 0.13515625
3 0.4796875 0.3734375 0.0453125 0.1078125
3 0.6359375 0.3 0.05625 0.08671875
3 0.19375 0.2 0.02734375 0.0796875
3 0.2890625 0.38046875 0.08203125 0.09375
3 0.75625 0.55390625 0.078125 0.1421875
3 0.553125 0.17734375 0.05078125 0.0625
3 0.30625 0.4859375 0.06640625 0.1390625
3 0.28515625 0.7328125 0.125 0.1734375
3 0.14375 0.16640625 0.0296875 0.06953125
3 0.690625 0.24296875 0.053125 0.0765625
3 0.909375 0.28125 0.0375 0.08359375
4 0.4296875 0.80234375 0.078125 0.18046875
4 0.2875 0.6875 0.0625 0.1734375
4 0.5546875 0.153125 0.03125 0.0765625
4 0.6203125 0.67734375 0.05625 0.159375
4 0.54609375 0.48125 0.0453125 0.1703125
4 0.790625 0.9046875 0.08203125 0.184375
4 0.059375 0.471875 0.0484375 0.153125
4 0.63984375 0.89765625 0.0765625 0.17734375
4 0.409375 0.390625 0.040625 0.121875
4 0.48046875 0.33359375 0.0390625 0.1109375
4 0.8484375 0.54140625 0.0484375 0.1390625
4 0.91875 0.2484375 0.021875 0.10078125
4 0.64453125 0.27109375 0.03515625 0.1109375
4 0.1296875 0.95625 0.084375 0.0796875
4 0.16796875 0.53828125 0.05859375 0.1390625
4 0.7640625 0.51015625 0.05078125 0.13203125
4 0.74375 0.7046875 0.0546875 0.1734375
4 0.446875 0.2828125 0.0390625 0.11484375
4 0.30625 0.44453125 0.046875 0.13203125
4 0.1875 0.528125 0.05859375 0.153125
1 0.7890625 0.25546875 0.14453125 0.128125
1 0.9671875 0.1875 0.0625 0.125
1 0.70625 0.425 0.19375 0.27421875