3 0.21796875 0.43203125 0.053125 0.11484375
3 0.3578125 0.35078125 0.046875 0.096875
3 0.56953125 0.28984375 0.0640625 0.09375
3 0.4953125 0.6859375 0.0796875 0.190625
3 0.340625 0.68203125 0.06875 0.16328125
3 0.65 0.77578125 0.109375 0.2046875
3 0.1234375 0.61796875 0.06640625 0.14609375
3 0.43359375 0.359375 0.05078125 0.1078125
3 0.471875 0.215625 0.0453125 0.06953125
3 0.89140625 0.53984375 0.1 0.11484375
3 0.971875 0.284375 0.053125 0.06953125
3 0.2484375 0.64921875 0.0625 0.159375
3 0.87109375 0.25546875 0.06640625 0.07265625
3 0.734375 0.2375 0.0625 0.065625
3 0.390625 0.58515625 0.0546875 0.13515625
3 0.6796875 0.38203125 0.0703125 0.10390625
3 0.42578125 0.13515625 0.05859375 0.06953125
3 0.33203125 0.1078125 0.046875 0.0625
3 0.82734375 0.409375 0.0875 0.11796875
3 0.51640625 0.17734375 0.0453125 0.0625
3 0.646875 0.30546875 0.06640625 0.0765625
3 0.48515625 0.5125 0.06875 0.14921875
3 0.0375 0.3609375 0.04296875 0.1109375
3 0.15546875 0.51875 0.0609375 0.1421875
3 0.75 0.33359375 0.078125 0.10390625
3 0.63984375 0.6109375 0.06875 0.11796875
3 0.61640625 0.215625 0.05625 0.06953125
3 0.0890625 0.38515625 0.0453125 0.11796875
0 0.07734375 0.159375 0.1546875 0.25
4 0.6609375 0.72578125 0.0484375 0.1734375
4 0.56953125 0.25859375 0.0328125 0.09375
4 0.2484375 0.58671875 0.0546875 0.1734375
4 0.359375 0.30234375 0.03515625 0.1109375
4 0.73828125 0.21328125 0.02734375 0.09375
4 0.46953125 0.18203125 0.0296875 0.08671875
4 0.6453125 0.2671875 0.0328125 0.096875
4 0.51875 0.14921875 0.025 0.0625
4 0.63984375 0.56953125 0.0484375 0.16640625
4 0.3828125 0.528125 0.046875 0.1734375
4 0.6203125 0.1875 0.0296875 0.08359375
4 0.83125 0.375 0.040625 0.11796875
4 0.1234375 0.5640625 0.0625 0.17734375
4 0.21484375 0.38515625 0.03515625 0.11796875
4 0.23046875 0.11640625 0.02734375 0.059375
4 0.61640625 0.5453125 0.040625 0.18046875
4 0.43359375 0.31796875 0.0390625 0.121875
4 0.9828125 0.253125 0.03125 0.096875
4 0.4984375 0.378125 0.0390625 0.0765625
4 0.35859375 0.4984375 0.021875 0.128125
4 0.503125 0.63046875 0.05625 0.17734375
1 0.225 0.21328125 0.12109375 0.15625