3 0.13125 0.88515625 0.0703125 0.215625
3 0.19921875 0.325 0.03515625 0.10078125
3 0.35234375 0.184375 0.0375 0.0765625
3 0.76171875 0.18046875 0.04296875 0.090625
3 0.15234375 0.63046875 0.04296875 0.14921875
3 0.021875 0.42734375 0.03515625 0.11796875
3 0.07734375 0.40625 0.040625 0.1109375
3 0.028125 0.25546875 0.0296875 0.08671875
3 0.3921875 0.14765625 0.03515625 0.07265625
3 0.3046875 0.10078125 0.03125 0.05546875
3 0.2390625 0.1078125 0.0296875 0.0625
3 0.15234375 0.22578125 0.02734375 0.08359375
4 0.128125 0.8109375 0.071875 0.21171875
4 0.4015625 0.91328125 0.071875 0.16640625
4 0.19609375 0.284375 0.0328125 0.1109375
4 0.38984375 0.13046875 0.025 0.07265625
4 0.15 0.58359375 0.06640625 0.19453125
1 0.3421875 0.328125 0.15234375 0.190625
1 0.33125 0.5765625 0.225 0.39609375
1 0.65703125 0.7515625 0.334375 0.48984375
1 0.8421875 0.484375 0.26953125 0.2671875