3 0.52734375 0.51875 0.01953125 0.059375
3 0.6640625 0.40625 0.0234375 0.06953125
3 0.80078125 0.375 0.0234375 0.0484375
3 0.7328125 0.39609375 0.03125 0.0484375
3 0.62890625 0.440625 0.0234375 0.0625
0 0.1796875 0.503125 0.203125 0.2640625
0 0.34453125 0.30390625 0.0796875 0.11484375
0 0.46953125 0.30703125 0.0765625 0.15625
4 0.52734375 0.4859375 0.0234375 0.06953125
4 0.5078125 0.7015625 0.03515625 0.1109375
4 0.62890625 0.41875 0.0234375 0.065625
4 0.396875 0.31953125 0.01171875 0.05546875
4 0.803125 0.3625 0.01953125 0.05234375
1 0.82734375 0.45625 0.1109375 0.09375
1 0.55078125 0.30546875 0.03515625 0.05546875
1 0.509375 0.38203125 0.046875 0.0765625