3 0.18671875 0.30390625 0.053125 0.1078125
3 0.5828125 0.75859375 0.11875 0.17734375
3 0.728125 0.5921875 0.07421875 0.14921875
3 0.675 0.29140625 0.053125 0.090625
0 0.4921875 0.221875 0.328125 0.284375
1 0.46484375 0.55 0.3515625 0.41328125
4 0.74140625 0.55390625 0.0484375 0.15625
4 0.37421875 0.7984375 0.0640625 0.18046875
4 0.2609375 0.82109375 0.071875 0.184375
4 0.09375 0.16328125 0.02734375 0.1109375
4 0.0171875 0.1859375 0.03125 0.11484375
4 0.68046875 0.2671875 0.0296875 0.10390625
4 0.18359375 0.2796875 0.0390625 0.10078125
4 0.58125 0.7328125 0.071875 0.18046875
1 0.91484375 0.58671875 0.165625 0.403125
1 0.28203125 0.175 0.0765625 0.13515625
1 0.47265625 0.3203125 0.29921875 0.21796875