3 0.3890625 0.7171875 0.07421875 0.16328125
3 0.50078125 0.41875 0.053125 0.10078125
3 0.4359375 0.39609375 0.0234375 0.06953125
3 0.1171875 0.33671875 0.05078125 0.090625
3 0.58125 0.496875 0.05625 0.13203125
3 0.35546875 0.28828125 0.02734375 0.0765625
3 0.18359375 0.34375 0.02734375 0.08359375
3 0.55078125 0.3421875 0.03125 0.0796875
4 0.91484375 0.95859375 0.0796875 0.0765625
4 0.18046875 0.315625 0.0328125 0.096875
4 0.578125 0.46171875 0.03515625 0.1109375
4 0.43359375 0.35390625 0.02734375 0.1109375
4 0.246875 0.32109375 0.0328125 0.10078125
4 0.55 0.309375 0.0296875 0.096875
4 0.1140625 0.3109375 0.0328125 0.09375
1 0.82734375 0.80703125 0.3421875 0.32265625
1 0.33125 0.93046875 0.178125 0.13203125
5 0.13203125 0.71328125 0.26328125 0.5734375
5 0.30625 0.1296875 0.0890625 0.20703125
1 0.4109375 0.18046875 0.0734375 0.1796875