3 0.4609375 0.846875 0.05078125 0.153125
3 0.5828125 0.60078125 0.0453125 0.125
3 0.51953125 0.390625 0.03125 0.08671875
3 0.72578125 0.46328125 0.0453125 0.09375
3 0.24609375 0.3921875 0.0625 0.08359375
3 0.86328125 0.63515625 0.06640625 0.13203125
3 0.1265625 0.61484375 0.09375 0.10390625
3 0.825 0.7 0.0640625 0.16328125
3 0.0953125 0.46328125 0.07421875 0.0796875
3 0.40703125 0.6421875 0.040625 0.125
3 0.59453125 0.296875 0.021875 0.05234375
3 0.640625 0.38515625 0.0234375 0.05546875
4 0.53984375 0.89609375 0.0609375 0.2015625
4 0.5796875 0.559375 0.0390625 0.1390625
4 0.865625 0.596875 0.05078125 0.1109375
4 0.1578125 0.4828125 0.0390625 0.096875
4 0.46015625 0.77578125 0.0484375 0.15625
4 0.640625 0.9078125 0.05859375 0.13515625
1 0.43828125 0.28828125 0.05625 0.11796875