2 0.36875 0.075 0.08984375 0.08671875
3 0.253125 0.27109375 0.0453125 0.096875
3 0.0484375 0.36484375 0.0390625 0.10390625
3 0.30859375 0.371875 0.04296875 0.096875
3 0.4765625 0.20859375 0.04296875 0.090625
3 0.41015625 0.15078125 0.03515625 0.07265625
3 0.95625 0.296875 0.0640625 0.0796875
3 0.6484375 0.265625 0.046875 0.0796875
4 0.75 0.77265625 0.0703125 0.2046875
4 0.57421875 0.5296875 0.04296875 0.1703125
4 0.30390625 0.078125 0.025 0.07265625
4 0.1953125 0.86640625 0.078125 0.26015625
1 0.43125 0.575 0.21875 0.35078125
1 0.91796875 0.22734375 0.12890625 0.128125
1 0.125 0.23984375 0.109375 0.1875
1 0.2015625 0.16640625 0.09375 0.13203125
1 0.9078125 0.7203125 0.1796875 0.309375
1 0.22578125 0.0765625 0.0796875 0.090625
1 0.6796875 0.42890625 0.21875 0.21875