3 0.34765625 0.465625 0.0625 0.1390625
3 0.15703125 0.60078125 0.1234375 0.125
3 0.5140625 0.55 0.0859375 0.14921875
3 0.2921875 0.63046875 0.134375 0.14921875
3 0.46875 0.68046875 0.13671875 0.153125
4 0.290625 0.621875 0.046875 0.1875
4 0.5921875 0.1375 0.0234375 0.09375
4 0.51875 0.50859375 0.0484375 0.16328125
4 0.35 0.43046875 0.0390625 0.1390625
4 0.7640625 0.9671875 0.07421875 0.059375
4 0.190625 0.55 0.040625 0.16328125
4 0.503125 0.66171875 0.040625 0.15625
4 0.32421875 0.184375 0.02734375 0.06953125
4 0.81953125 0.21875 0.0375 0.1109375
4 0.15625 0.5609375 0.05078125 0.16328125
4 0.0734375 0.2984375 0.0375 0.125
4 0.49140625 0.17890625 0.025 0.08671875
1 0.18359375 0.33671875 0.1328125 0.221875
1 0.9484375 0.73984375 0.1 0.22890625
1 0.3640625 0.29375 0.1625 0.1703125
1 0.56953125 0.32265625 0.196875 0.221875