3 0.05546875 0.75546875 0.071875 0.190625
3 0.2875 0.440625 0.03515625 0.10390625
3 0.44453125 0.5953125 0.0875 0.13515625
3 0.18359375 0.4515625 0.0390625 0.10390625
3 0.3234375 0.54140625 0.0328125 0.096875
3 0.84375 0.78671875 0.1328125 0.15625
3 0.2359375 0.340625 0.03125 0.096875
4 0.05078125 0.69296875 0.06640625 0.14921875
4 0.8328125 0.75546875 0.053125 0.1703125
4 0.25859375 0.9390625 0.06875 0.11484375
4 0.7625 0.61484375 0.053125 0.1390625
4 0.3578125 0.79140625 0.046875 0.2015625
4 0.44375 0.5640625 0.04296875 0.1421875
4 0.1296875 0.675 0.06875 0.15625
4 0.6171875 0.47734375 0.05078125 0.1078125
4 0.33203125 0.9515625 0.06640625 0.090625
1 0.35234375 0.24296875 0.06875 0.13203125
1 0.659375 0.86953125 0.4078125 0.253125