2 0.7234375 0.74140625 0.3296875 0.496875
3 0.140625 0.90078125 0.078125 0.190625
3 0.178125 0.6734375 0.0546875 0.1734375
3 0.4484375 0.39921875 0.0609375 0.13203125
3 0.3921875 0.575 0.0703125 0.14921875
3 0.11328125 0.2671875 0.03125 0.090625
3 0.15 0.38046875 0.03515625 0.10078125
3 0.05546875 0.64921875 0.0640625 0.18046875
3 0.26484375 0.64765625 0.0640625 0.16328125
3 0.3140625 0.5640625 0.0546875 0.15625
3 0.09453125 0.51015625 0.053125 0.1390625
3 0.2078125 0.25546875 0.0328125 0.08671875
3 0.17265625 0.30390625 0.0375 0.1078125
3 0.7515625 0.2171875 0.05078125 0.07265625
3 0.07109375 0.2953125 0.0375 0.090625
3 0.35 0.1078125 0.03125 0.0625
3 0.296875 0.440625 0.0546875 0.090625
0 0.1375 0.10234375 0.134375 0.14921875
4 0.31953125 0.91328125 0.071875 0.16640625
4 0.6375 0.96875 0.0375 0.05546875
4 0.45 0.3609375 0.040625 0.125
4 0.4296875 0.9078125 0.0625 0.17734375
4 0.0921875 0.45859375 0.04296875 0.13203125
4 0.1375 0.828125 0.06875 0.2046875
4 0.05546875 0.590625 0.0484375 0.153125
1 0.42890625 0.24140625 0.13125 0.13515625