3 0.546875 0.86640625 0.12890625 0.190625
3 0.7734375 0.6078125 0.08203125 0.14609375
3 0.7015625 0.5625 0.078125 0.1390625
3 0.78046875 0.2671875 0.053125 0.08359375
3 0.64453125 0.25859375 0.06640625 0.10078125
3 0.859375 0.453125 0.0546875 0.09375
3 0.71875 0.26875 0.0625 0.10078125
3 0.9265625 0.471875 0.05625 0.096875
3 0.55625 0.49453125 0.07421875 0.121875
3 0.83984375 0.21875 0.04296875 0.06953125
3 0.578125 0.30546875 0.0390625 0.06953125
3 0.8546875 0.35078125 0.05625 0.096875
3 0.2765625 0.11640625 0.021875 0.05234375
3 0.9140625 0.3625 0.0546875 0.09375
0 0.3171875 0.4078125 0.490625 0.4546875
4 0.71015625 0.5171875 0.0453125 0.1390625
4 0.5578125 0.8265625 0.0609375 0.1734375
4 0.5453125 0.465625 0.046875 0.125
4 0.78125 0.5640625 0.046875 0.128125
4 0.9359375 0.43046875 0.04296875 0.125
4 0.86015625 0.328125 0.0328125 0.1078125
4 0.015625 0.421875 0.03125 0.13515625
4 0.56328125 0.4515625 0.0375 0.125
4 0.865625 0.4078125 0.04296875 0.121875
1 0.246875 0.7515625 0.365625 0.371875
1 0.4703125 0.153125 0.140625 0.096875
1 0.9546875 0.2 0.0859375 0.11484375