3 0.07890625 0.5171875 0.0953125 0.096875
3 0.3859375 0.609375 0.0375 0.11484375
3 0.32109375 0.528125 0.0765625 0.1109375
3 0.40234375 0.35078125 0.02734375 0.08359375
3 0.62578125 0.33515625 0.0296875 0.065625
3 0.415625 0.49296875 0.03125 0.096875
4 0.35546875 0.92734375 0.05078125 0.1390625
4 0.0734375 0.496875 0.040625 0.11796875
4 0.4328125 0.7796875 0.0484375 0.184375
4 0.32734375 0.50859375 0.0328125 0.13515625
4 0.43671875 0.971875 0.040625 0.0484375
4 0.38671875 0.559375 0.0390625 0.14609375
4 0.9734375 0.484375 0.0328125 0.11484375
4 0.70390625 0.34375 0.021875 0.10390625
4 0.09296875 0.60078125 0.053125 0.1109375
1 0.66015625 0.83515625 0.3125 0.32265625
1 0.509375 0.41640625 0.09765625 0.19453125
1 0.89140625 0.83671875 0.2125 0.31953125
1 0.44453125 0.10078125 0.0375 0.0625
1 0.4828125 0.284375 0.0703125 0.14609375