3 0.346875 0.72578125 0.0796875 0.1875
3 0.1375 0.71171875 0.0640625 0.16640625
3 0.0484375 0.61953125 0.05078125 0.15625
3 0.21953125 0.690625 0.0640625 0.16640625
3 0.82109375 0.33125 0.071875 0.10078125
3 0.68125 0.33515625 0.078125 0.10078125
3 0.60234375 0.7015625 0.0875 0.159375
3 0.57421875 0.2203125 0.05078125 0.0796875
3 0.2 0.91640625 0.084375 0.159375
3 0.634375 0.26875 0.05859375 0.08671875
3 0.43359375 0.1265625 0.0390625 0.07265625
1 0.35625 0.10078125 0.11875 0.125
4 0.6859375 0.325 0.02734375 0.128125
4 0.3703125 0.95625 0.0609375 0.0796875
4 0.04375 0.5640625 0.05625 0.1703125
4 0.609375 0.6375 0.0546875 0.1703125
4 0.2828125 0.190625 0.02734375 0.05546875
4 0.35 0.671875 0.06640625 0.19765625
4 0.3375 0.940625 0.04296875 0.1109375
4 0.2203125 0.63203125 0.0546875 0.18046875
4 0.6359375 0.24296875 0.0296875 0.096875
4 0.58203125 0.60625 0.03125 0.16328125
4 0.57421875 0.19453125 0.02734375 0.090625
4 0.825 0.30390625 0.0375 0.10078125
1 0.51484375 0.378125 0.1734375 0.1875
1 0.3 0.328125 0.15 0.2328125
1 0.7734375 0.575 0.26953125 0.2953125
1 0.12578125 0.28125 0.11875 0.20859375
1 0.1875 0.18203125 0.09375 0.1421875
1 0.29296875 0.125 0.0859375 0.096875