3 0.12578125 0.684375 0.0609375 0.1390625
3 0.2671875 0.74140625 0.0390625 0.13515625
3 0.22265625 0.359375 0.02734375 0.0796875
3 0.3265625 0.35234375 0.0234375 0.0796875
4 0.12109375 0.621875 0.05078125 0.1390625
4 0.32890625 0.31796875 0.0328125 0.11484375
4 0.20703125 0.965625 0.0546875 0.0625
4 0.5765625 0.38515625 0.03125 0.096875
4 0.2671875 0.69453125 0.0546875 0.19453125
4 0.48359375 0.36484375 0.025 0.090625
4 0.503125 0.29375 0.0296875 0.10078125
4 0.4875 0.82265625 0.0484375 0.14609375
4 0.84765625 0.95 0.0703125 0.09375
4 0.8984375 0.940625 0.05078125 0.1109375
4 0.821875 0.60234375 0.046875 0.10078125
4 0.4421875 0.6875 0.053125 0.14609375
1 0.7703125 0.80234375 0.3921875 0.30546875
1 0.38203125 0.590625 0.1390625 0.278125
1 0.26171875 0.4390625 0.12109375 0.2671875