3 0.75703125 0.45859375 0.0328125 0.0765625
3 0.590625 0.22734375 0.021875 0.065625
3 0.2640625 0.68046875 0.11328125 0.1109375
3 0.5234375 0.140625 0.015625 0.0453125
3 0.69453125 0.534375 0.0375 0.096875
4 0.4375 0.57109375 0.03515625 0.1703125
4 0.6984375 0.503125 0.0328125 0.125
4 0.7578125 0.42734375 0.03125 0.10390625
4 0.5296875 0.88359375 0.05859375 0.22578125
4 0.40703125 0.77109375 0.0484375 0.20859375
4 0.26171875 0.66875 0.04296875 0.184375
4 0.221875 0.5796875 0.040625 0.16640625
1 0.54765625 0.53984375 0.1265625 0.26015625
1 0.49296875 0.28984375 0.0765625 0.13515625
1 0.034375 0.68203125 0.06875 0.21171875
1 0.46015625 0.18203125 0.0484375 0.0796875