3 0.0875 0.71171875 0.0703125 0.1875
3 0.2171875 0.75546875 0.0703125 0.1703125
3 0.146875 0.575 0.0625 0.15625
3 0.18359375 0.390625 0.04296875 0.121875
3 0.11328125 0.3890625 0.04296875 0.1109375
3 0.41875 0.2484375 0.0453125 0.08671875
3 0.49140625 0.28828125 0.053125 0.096875
3 0.26640625 0.63515625 0.0640625 0.16640625
3 0.2640625 0.38515625 0.05078125 0.1109375
3 0.37421875 0.153125 0.0328125 0.0765625
3 0.028125 0.35234375 0.040625 0.1078125
3 0.9390625 0.65625 0.1015625 0.16640625
3 0.8140625 0.34921875 0.05859375 0.10078125
3 0.95390625 0.17734375 0.0375 0.06953125
3 0.06640625 0.1859375 0.0234375 0.07265625
3 0.6828125 0.3453125 0.06875 0.10078125
3 0.60546875 0.33515625 0.0625 0.1078125
3 0.10859375 0.28828125 0.040625 0.0765625
3 0.9203125 0.5328125 0.1015625 0.11484375
3 0.16484375 0.2796875 0.0328125 0.0796875
4 0.14765625 0.9703125 0.0453125 0.05234375
4 0.265625 0.58671875 0.05078125 0.1875
4 0.13984375 0.51875 0.0484375 0.15625
4 0.2171875 0.69296875 0.0625 0.2046875
4 0.9171875 0.44453125 0.0484375 0.1109375
4 0.5671875 0.2515625 0.0328125 0.09375
4 0.18046875 0.3453125 0.0375 0.11484375
4 0.96171875 0.16484375 0.025 0.09375
4 0.4875 0.25546875 0.0328125 0.10078125
1 0.15703125 0.09375 0.0765625 0.10390625
1 0.5078125 0.8140625 0.32421875 0.36484375
1 0.6546875 0.74453125 0.3046875 0.47578125
1 0.2625 0.23125 0.103125 0.15625
1 0.084375 0.0921875 0.0703125 0.10078125
1 0.259375 0.10078125 0.0859375 0.10390625
1 0.75703125 0.6109375 0.2796875 0.29140625