3 0.8703125 0.50859375 0.071875 0.121875
3 0.7578125 0.6421875 0.08203125 0.1390625
3 0.95 0.55 0.0765625 0.13515625
3 0.59375 0.91171875 0.1328125 0.1703125
3 0.55859375 0.39921875 0.0390625 0.096875
3 0.18828125 0.42734375 0.0921875 0.08359375
3 0.7890625 0.16640625 0.05078125 0.06953125
3 0.665625 0.24296875 0.05859375 0.08359375
4 0.60859375 0.88203125 0.0640625 0.1734375
4 0.5109375 0.7828125 0.06875 0.15625
4 0.77265625 0.60234375 0.0484375 0.1421875
4 0.18828125 0.39375 0.0453125 0.128125
4 0.615625 0.325 0.03515625 0.13515625
4 0.9546875 0.515625 0.046875 0.13515625
4 0.5578125 0.35234375 0.040625 0.1078125
1 0.3140625 0.7046875 0.35546875 0.3125
1 0.7375 0.45859375 0.196875 0.221875
1 0.81640625 0.284375 0.140625 0.16640625
1 0.96953125 0.16171875 0.05625 0.1078125
1 0.12421875 0.60078125 0.2484375 0.30546875