3 0.2796875 0.3921875 0.01953125 0.04140625
3 0.19921875 0.8765625 0.07421875 0.17734375
3 0.43828125 0.3921875 0.0171875 0.0484375
3 0.07109375 0.5328125 0.040625 0.07265625
4 0.425 0.8140625 0.040625 0.128125
4 0.45 0.5796875 0.025 0.090625
4 0.2078125 0.83125 0.0484375 0.128125
4 0.3109375 0.93046875 0.0546875 0.13203125
4 0.06953125 0.50703125 0.0296875 0.08359375
4 0.278125 0.375 0.0171875 0.05546875
4 0.54609375 0.71875 0.0328125 0.125
1 0.78125 0.5140625 0.15625 0.1109375
1 0.2375 0.48125 0.0921875 0.128125
1 0.60078125 0.378125 0.0609375 0.06953125