3 0.103125 0.4828125 0.03515625 0.06953125
3 0.49140625 0.465625 0.0171875 0.0484375
3 0.809375 0.4078125 0.0328125 0.05234375
3 0.5109375 0.3921875 0.0171875 0.0484375
3 0.4765625 0.6265625 0.0234375 0.07265625
0 0.2203125 0.39609375 0.15234375 0.2015625
4 0.36796875 0.9359375 0.05625 0.121875
4 0.684375 0.51015625 0.0296875 0.090625
4 0.47578125 0.5921875 0.025 0.09375
4 0.45234375 0.47421875 0.025 0.07265625
4 0.49140625 0.440625 0.0171875 0.06953125
4 0.01953125 0.76015625 0.0390625 0.125
4 0.103125 0.46328125 0.0234375 0.07265625
1 0.403125 0.27578125 0.0375 0.05234375
1 0.37578125 0.35390625 0.053125 0.08359375
1 0.18828125 0.8625 0.2125 0.2671875
1 0.8546875 0.55390625 0.1734375 0.128125
1 0.69921875 0.453125 0.12109375 0.10078125
1 0.61328125 0.38203125 0.06640625 0.0765625
1 0.32890625 0.340625 0.0484375 0.06953125