3 0.6625 0.46328125 0.0234375 0.05234375
3 0.65546875 0.64140625 0.0234375 0.08359375
3 0.1515625 0.49296875 0.0328125 0.06953125
3 0.19140625 0.50703125 0.03515625 0.06953125
3 0.021875 0.53984375 0.04296875 0.07265625
3 0.91875 0.41484375 0.0375 0.059375
0 0.1265625 0.35078125 0.1953125 0.19453125
4 0.978125 0.33828125 0.01953125 0.065625
4 0.515625 0.684375 0.03125 0.1109375
4 0.56171875 0.609375 0.0296875 0.1078125
4 0.66328125 0.440625 0.021875 0.06953125
4 0.51015625 0.85234375 0.040625 0.1
4 0.19375 0.484375 0.02734375 0.07265625
4 0.3421875 0.3109375 0.01171875 0.0453125
4 0.01875 0.5140625 0.0296875 0.08359375
1 0.31640625 0.6421875 0.12890625 0.1734375
1 0.48828125 0.30390625 0.03515625 0.0453125
1 0.45390625 0.40078125 0.0640625 0.08671875
1 0.50859375 0.5296875 0.084375 0.128125