3 0.27265625 0.684375 0.053125 0.1734375
3 0.0421875 0.92734375 0.084375 0.1390625
3 0.259375 0.3921875 0.03515625 0.11796875
3 0.221875 0.48125 0.040625 0.121875
3 0.3765625 0.25859375 0.0625 0.0796875
3 0.3671875 0.434375 0.046875 0.1109375
3 0.16796875 0.49296875 0.0390625 0.125
3 0.440625 0.2640625 0.06875 0.0765625
3 0.1421875 0.3109375 0.0390625 0.09375
3 0.76640625 0.3 0.06875 0.08671875
3 0.309375 0.471875 0.040625 0.125
3 0.52734375 0.28828125 0.0703125 0.0765625
3 0.6015625 0.253125 0.0625 0.0765625
3 0.7078125 0.278125 0.053125 0.0765625
3 0.3140625 0.3625 0.0390625 0.10078125
4 0.26953125 0.6234375 0.0546875 0.17734375
4 0.38125 0.2375 0.03125 0.11484375
4 0.5296875 0.27109375 0.0234375 0.1109375
4 0.16484375 0.4359375 0.0453125 0.14921875
4 0.21953125 0.42734375 0.040625 0.1390625
4 0.66015625 0.1109375 0.0234375 0.06953125
4 0.76875 0.28828125 0.025 0.11796875
4 0.859375 0.284375 0.03125 0.096875
4 0.74375 0.5328125 0.05078125 0.09375
4 0.234375 0.26015625 0.03515625 0.10390625
4 0.44140625 0.22734375 0.03125 0.08671875
4 0.6078125 0.22890625 0.02734375 0.096875
1 0.91796875 0.38046875 0.16015625 0.190625
1 0.62109375 0.621875 0.28125 0.3265625
1 0.44609375 0.6546875 0.228125 0.3921875
1 0.04765625 0.41328125 0.0953125 0.24296875
1 0.915625 0.215625 0.1328125 0.1109375