3 0.5765625 0.29375 0.07421875 0.09375
3 0.2640625 0.2171875 0.03125 0.09375
3 0.05390625 0.35078125 0.0375 0.10390625
3 0.73359375 0.3625 0.0875 0.09375
3 0.3234375 0.2828125 0.040625 0.10078125
3 0.24296875 0.84921875 0.071875 0.19765625
3 0.1078125 0.703125 0.05859375 0.15625
3 0.625 0.22578125 0.046875 0.08359375
3 0.8640625 0.52265625 0.103125 0.14921875
3 0.9140625 0.22578125 0.0625 0.08359375
3 0.8078125 0.2203125 0.040625 0.07265625
3 0.97734375 0.23125 0.040625 0.0796875
3 0.14765625 0.47734375 0.0453125 0.121875
3 0.01953125 0.51015625 0.0390625 0.14609375
3 0.346875 0.1265625 0.0296875 0.059375
3 0.8546875 0.17890625 0.0328125 0.065625
3 0.52734375 0.41328125 0.0390625 0.1109375
3 0.9015625 0.39921875 0.06875 0.10390625
3 0.08125 0.925 0.084375 0.1421875
3 0.66484375 0.2 0.0296875 0.07265625
4 0.73515625 0.33359375 0.0375 0.11796875
4 0.909375 0.375 0.0375 0.1109375
4 0.3234375 0.2484375 0.0328125 0.1078125
4 0.3640625 0.89921875 0.071875 0.19453125
4 0.815625 0.2015625 0.025 0.096875
4 0.34375 0.10234375 0.0234375 0.07265625
4 0.515625 0.36484375 0.03125 0.090625
4 0.87109375 0.4703125 0.05078125 0.08671875
4 0.2640625 0.1890625 0.02734375 0.08671875
4 0.103125 0.628125 0.05859375 0.159375
4 0.5734375 0.26875 0.0328125 0.1078125
4 0.4578125 0.14921875 0.025 0.090625
1 0.253125 0.403125 0.165625 0.27109375
1 0.4484375 0.440625 0.209375 0.31953125
1 0.05078125 0.0953125 0.07421875 0.1078125
1 0.13671875 0.09375 0.0703125 0.10390625
1 0.61640625 0.91484375 0.2484375 0.16328125