1 0.6890625 0.68046875 0.109375 0.159375
3 0.09296875 0.55234375 0.025 0.05546875
3 0.0171875 0.67421875 0.034375 0.0796875
3 0.1296875 0.50546875 0.021875 0.0453125
3 0.846875 0.70859375 0.0375 0.090625
3 0.178125 0.4984375 0.01953125 0.05234375
4 0.7421875 0.58515625 0.0234375 0.09375
1 0.5578125 0.5796875 0.0609375 0.096875
1 0.64375 0.95 0.1390625 0.09375
1 0.240625 0.96171875 0.1171875 0.06953125
1 0.309375 0.5125 0.05625 0.10078125
1 0.38359375 0.47734375 0.0453125 0.08671875
1 0.56875 0.3765625 0.02734375 0.0453125