3 0.32734375 0.56953125 0.0765625 0.159375
3 0.6390625 0.77109375 0.109375 0.20859375
3 0.37421875 0.4390625 0.0640625 0.13515625
3 0.08671875 0.34375 0.040625 0.11796875
3 0.53984375 0.28125 0.0484375 0.090625
3 0.15703125 0.4875 0.05625 0.14921875
3 0.634375 0.35390625 0.05859375 0.11796875
3 0.421875 0.75859375 0.0859375 0.2046875
3 0.72734375 0.53828125 0.0875 0.14609375
3 0.3390625 0.20625 0.053125 0.08671875
3 0.9421875 0.69765625 0.1109375 0.19453125
3 0.61796875 0.22578125 0.0484375 0.06953125
3 0.278125 0.309375 0.0453125 0.10390625
3 0.6609375 0.29140625 0.053125 0.08359375
3 0.14453125 0.92890625 0.09375 0.13515625
3 0.01875 0.640625 0.0375 0.1703125
3 0.13203125 0.5921875 0.06875 0.121875
3 0.2359375 0.21171875 0.03125 0.090625
4 0.159375 0.70625 0.0640625 0.19765625
4 0.3296875 0.51875 0.0546875 0.15625
4 0.3296875 0.91875 0.07421875 0.15625
4 0.734375 0.4984375 0.05078125 0.13515625
4 0.428125 0.7 0.0625 0.184375
4 0.3765625 0.4046875 0.04296875 0.1421875
4 0.88125 0.325 0.046875 0.1078125
4 0.259375 0.55546875 0.05078125 0.1109375
4 0.6453125 0.72734375 0.0609375 0.2046875
1 0.10625 0.19765625 0.0921875 0.1390625
1 0.9546875 0.175 0.0859375 0.11484375