3 0.82734375 0.47890625 0.0875 0.153125
3 0.5796875 0.4078125 0.08984375 0.11484375
3 0.0171875 0.63125 0.034375 0.159375
3 0.128125 0.75859375 0.06875 0.190625
3 0.38984375 0.5484375 0.06875 0.153125
3 0.0890625 0.5171875 0.053125 0.153125
3 0.79375 0.21328125 0.040625 0.09375
3 0.08203125 0.95 0.078125 0.09375
3 0.309375 0.4859375 0.0484375 0.13203125
4 0.0765625 0.89921875 0.0859375 0.19453125
4 0.58515625 0.390625 0.0328125 0.14921875
4 0.390625 0.5015625 0.046875 0.1421875
3 0.4625 0.68828125 0.07578125 0.18125
4 0.4703125 0.64609375 0.05078125 0.159375
4 0.83125 0.44453125 0.0453125 0.125
4 0.9328125 0.30546875 0.025 0.096875
4 0.30625 0.4375 0.04296875 0.1390625
4 0.7984375 0.19453125 0.02734375 0.096875
1 0.3046875 0.1375 0.09765625 0.121875
1 0.7078125 0.80234375 0.3265625 0.3890625
1 0.1046875 0.1890625 0.103125 0.1703125
1 0.2734375 0.26015625 0.140625 0.2015625
1 0.95390625 0.175 0.0875 0.11484375
1 0.2125 0.14609375 0.10546875 0.13203125
1 0.26484375 0.61953125 0.2203125 0.41328125
3 0.5546875 0.10625 0.04140625 0.0578125
3 0.61015625 0.115625 0.0328125 0.05
3 0.6921875 0.07109375 0.05625 0.053125
3 0.20078125 0.38515625 0.05234375 0.08046875
3 0.0203125 0.4203125 0.040625 0.10390625
4 0.08515625 0.46796875 0.03984375 0.115625
3 0.08359375 0.38984375 0.04140625 0.07109375
4 0.01484375 0.35234375 0.02734375 0.08359375
3 0.04375 0.31171875 0.0328125 0.090625
4 0.0328125 0.25078125 0.02890625 0.09375
3 0.03671875 0.19765625 0.03203125 0.06640625
3 0.26640625 0.4109375 0.03359375 0.10234375
4 0.19296875 0.33984375 0.02578125 0.10078125
4 0.25546875 0.353125 0.03203125 0.11796875
4 0.128125 0.6703125 0.06015625 0.13984375
4 0.01484375 0.53671875 0.0296875 0.10078125
4 0.078125 0.33359375 0.03515625 0.0734375
1 0.10078125 0.07421875 0.08125 0.0875
1 0.246875 0.0359375 0.06328125 0.071875
4 0.0296875 0.1515625 0.01953125 0.06640625
4 0.0328125 0.115625 0.02109375 0.05
4 0.565625 0.07578125 0.0203125 0.07734375
4 0.60625 0.0734375 0.0171875 0.06015625
3 0.89765625 0.18203125 0.021875 0.06171875
3 0.9515625 0.07578125 0.0328125 0.04453125
4 0.959375 0.05 0.01640625 0.0578125
4 0.64375 0.02890625 0.021875 0.05703125
4 0.1125 0.09375 0.01640625 0.0609375