3 0.69375 0.52265625 0.0234375 0.05234375
4 0.128125 0.55 0.01875 0.06484375
4 0.14296875 0.50859375 0.0125 0.05
3 0.1453125 0.528125 0.02421875 0.0421875
3 0.2109375 0.4984375 0.01953125 0.05234375
3 0.12890625 0.575 0.03125 0.05234375
3 0.15078125 0.4671875 0.025 0.03125
3 0.16875 0.47890625 0.0171875 0.04140625
3 0.0796875 0.54375 0.0234375 0.05234375
3 0.803125 0.7 0.04296875 0.07578125
3 0.84765625 0.65078125 0.03125 0.07265625
4 0.17265625 0.46875 0.01015625 0.046875
4 0.21328125 0.48046875 0.01171875 0.03984375
3 0.22734375 0.43828125 0.02421875 0.0375
3 0.26171875 0.4375 0.015625 0.04140625
3 0.76171875 0.628125 0.03125 0.0765625
3 0.0421875 0.5296875 0.025 0.0453125
3 0.90234375 0.771875 0.05078125 0.084375
4 0.8953125 0.72734375 0.0328125 0.10078125
3 0.86484375 0.47578125 0.02890625 0.04375
4 0.8640625 0.46015625 0.0171875 0.05234375
4 0.80390625 0.6703125 0.0296875 0.090625
4 0.8484375 0.6234375 0.025 0.08671875
1 0.63203125 0.54375 0.06875 0.08671875
1 0.2734375 0.55 0.0703125 0.1078125
1 0.5421875 0.53984375 0.05625 0.09375
1 0.346875 0.66640625 0.0796875 0.1734375
4 0.7078125 0.44375 0.0125 0.03984375
1 0.73828125 0.4375 0.05859375 0.06953125
1 0.634375 0.88515625 0.15234375 0.22890625
3 0.64296875 0.446875 0.0203125 0.03671875
3 0.66484375 0.46015625 0.01796875 0.03125
1 0.5859375 0.41875 0.04609375 0.10078125
1 0.55390625 0.31484375 0.01875 0.0296875
1 0.57578125 0.2875 0.01875 0.02578125
4 0.6453125 0.42734375 0.01328125 0.0421875
4 0.66484375 0.43125 0.01171875 0.03828125
4 0.69453125 0.49140625 0.01171875 0.0453125
4 0.75703125 0.5921875 0.01015625 0.05703125
4 0.76875 0.60078125 0.01484375 0.06328125
4 0.0421875 0.51015625 0.01484375 0.05625
4 0.08203125 0.52265625 0.015625 0.05390625
4 0.15234375 0.45390625 0.009375 0.04296875
4 0.22890625 0.4078125 0.0140625 0.0390625
4 0.26328125 0.415625 0.00859375 0.0359375
3 0.28359375 0.415625 0.01484375 0.025
4 0.284375 0.4 0.009375 0.034375