3 0.04375 0.70078125 0.05703125 0.17265625
3 0.0609375 0.45859375 0.04296875 0.13203125
3 0.825 0.38515625 0.0875 0.125
3 0.17265625 0.590625 0.053125 0.14609375
3 0.246875 0.35390625 0.040625 0.11796875
3 0.0515625 0.96171875 0.0875 0.06953125
3 0.440625 0.2828125 0.071875 0.10078125
3 0.18125 0.36953125 0.04296875 0.10078125
3 0.56640625 0.2203125 0.046875 0.0796875
3 0.08671875 0.346875 0.040625 0.10390625
3 0.72265625 0.2375 0.0390625 0.0796875
3 0.8046875 0.22734375 0.02734375 0.07265625
3 0.1265625 0.29375 0.0390625 0.11484375
3 0.01640625 0.28984375 0.0296875 0.08671875
3 0.77421875 0.2203125 0.0296875 0.065625
3 0.01171875 0.4078125 0.0234375 0.11484375
3 0.846875 0.2 0.0296875 0.07265625
3 0.1625 0.45625 0.04296875 0.08671875
3 0.48046875 0.2328125 0.05078125 0.0765625
0 0.1953125 0.1234375 0.16015625 0.19765625
4 0.28828125 0.96171875 0.0609375 0.06953125
4 0.0515625 0.91640625 0.0796875 0.159375
4 0.828125 0.35625 0.04296875 0.09375
4 0.6203125 0.17890625 0.021875 0.09375
4 0.24609375 0.3140625 0.03515625 0.10078125
4 0.171875 0.53125 0.0546875 0.159375
4 0.6609375 0.16171875 0.021875 0.09375
4 0.05625 0.41171875 0.046875 0.1421875
1 0.31953125 0.16640625 0.0953125 0.1109375
1 0.3921875 0.13203125 0.10546875 0.1109375
1 0.3328125 0.6109375 0.196875 0.35390625
1 0.9078125 0.85625 0.1796875 0.28125
1 0.73828125 0.7828125 0.3984375 0.42734375