3 0.4859375 0.35625 0.03515625 0.03046875
5 0.10859375 0.575 0.2171875 0.32265625
5 0.309375 0.5 0.1546875 0.25
5 0.35078125 0.33359375 0.0765625 0.11796875
5 0.14765625 0.25859375 0.0796875 0.0796875
5 0.24140625 0.3625 0.103125 0.2046875
1 0.12109375 0.409375 0.08203125 0.0625
1 0.171875 0.359375 0.046875 0.08359375
2 0.82109375 0.290625 0.05859375 0.0890625
1 0.68984375 0.2828125 0.025 0.040625
2 0.6921875 0.2421875 0.065625 0.06484375
1 0.6390625 0.2671875 0.03046875 0.03828125
4 0.759375 0.3203125 0.0078125 0.02578125
1 0.7703125 0.29765625 0.0296875 0.03828125
4 0.47734375 0.33671875 0.0109375 0.03125
4 0.484375 0.33828125 0.0078125 0.03515625
3 0.70703125 0.3359375 0.02109375 0.02578125
4 0.70625 0.32578125 0.00859375 0.03046875
3 0.76171875 0.334375 0.025 0.02109375
3 0.79375 0.34765625 0.02109375 0.0265625
4 0.79296875 0.33125 0.009375 0.0265625