3 0.03203125 0.33359375 0.0453125 0.0484375
5 0.10625 0.828125 0.2125 0.3296875
5 0.80078125 0.39921875 0.0859375 0.153125
4 0.034375 0.315625 0.021875 0.0625
1 0.46953125 0.2984375 0.0484375 0.0484375
1 0.6078125 0.52265625 0.078125 0.1078125
1 0.31953125 0.3140625 0.0765625 0.065625
1 0.20625 0.340625 0.0875 0.0765625
1 0.821875 0.30234375 0.02734375 0.04140625
1 0.5375 0.325 0.05078125 0.05234375
1 0.8515625 0.28125 0.0203125 0.0328125
1 0.8828125 0.278125 0.015625 0.02109375
1 0.1359375 0.234375 0.05625 0.03125
1 0.2328125 0.22734375 0.046875 0.03828125
5 0.675 0.35078125 0.0609375 0.1015625
1 0.571875 0.34609375 0.05078125 0.06640625
1 0.62265625 0.3046875 0.0390625 0.0484375
1 0.66875 0.28515625 0.03359375 0.04375
2 0.609375 0.25625 0.0984375 0.090625
5 0.68984375 0.25234375 0.0359375 0.0546875