3 0.4015625 0.64609375 0.0328125 0.125
3 0.30390625 0.8875 0.0484375 0.1421875
3 0.26328125 0.396875 0.0359375 0.065625
3 0.31875 0.31796875 0.0546875 0.059375
0 0.9421875 0.2359375 0.1109375 0.465625
4 0.30859375 0.809375 0.05078125 0.159375
3 0.59296875 0.3625 0.0234375 0.04375
4 0.58671875 0.3203125 0.02109375 0.07421875
4 0.65 0.346875 0.02734375 0.0765625
3 0.51796875 0.95625 0.0984375 0.0875
4 0.51953125 0.91640625 0.04296875 0.159375
3 0.7984375 0.88515625 0.04140625 0.090625
4 0.79375 0.8 0.0484375 0.128125
1 0.50078125 0.36953125 0.13125 0.121875
1 0.6203125 0.784375 0.134375 0.340625
3 0.490625 0.81015625 0.0375 0.11484375
1 0.575 0.49140625 0.13203125 0.18984375
1 0.47578125 0.303125 0.1515625 0.078125
3 0.70625 0.296875 0.0515625 0.0421875
3 0.646875 0.50703125 0.04296875 0.0734375
3 0.9421875 0.9078125 0.07421875 0.0828125
4 0.503125 0.74453125 0.03203125 0.109375
4 0.40078125 0.5921875 0.04609375 0.09140625
4 0.3265625 0.29765625 0.02265625 0.075
4 0.70859375 0.27578125 0.0203125 0.0734375
4 0.65 0.4515625 0.02265625 0.07421875
3 0.68203125 0.47578125 0.02265625 0.06171875
4 0.678125 0.4125 0.02265625 0.07734375
3 0.615625 0.33046875 0.02421875 0.0453125
4 0.5453125 0.309375 0.01640625 0.04609375