1 0.321875 0.72578125 0.28125 0.534375
3 0.03828125 0.6125 0.0609375 0.1703125
3 0.1234375 0.578125 0.0546875 0.15625
3 0.01484375 0.85625 0.0296875 0.21875
3 0.4890625 0.746875 0.0921875 0.2015625
1 0.49140625 0.49296875 0.24375 0.25
1 0.1484375 0.32109375 0.11328125 0.184375
1 0.29296875 0.21328125 0.109375 0.1421875
1 0.146875 0.0921875 0.078125 0.10078125
1 0.88203125 0.72890625 0.2328125 0.39609375
1 0.79609375 0.44765625 0.25625 0.221875
1 0.3859375 0.20859375 0.11875 0.14609375
4 0.49453125 0.64375 0.04765625 0.14375
4 0.1171875 0.47734375 0.0390625 0.07421875
4 0.03515625 0.5109375 0.0359375 0.07265625
4 0.90546875 0.87734375 0.0375 0.14765625
4 0.5953125 0.88515625 0.05078125 0.14375
4 0.6296875 0.93984375 0.05625 0.11953125