5 0.41328125 0.72734375 0.584375 0.53125
3 0.128125 0.684375 0.071875 0.159375
3 0.190625 0.34921875 0.0375 0.08671875
3 0.3046875 0.08828125 0.01953125 0.07265625
3 0.73359375 0.45 0.103125 0.121875
3 0.37890625 0.27109375 0.02734375 0.08359375
3 0.271875 0.27421875 0.03515625 0.0765625
3 0.2359375 0.30703125 0.03515625 0.07265625
3 0.3265625 0.27109375 0.02734375 0.08359375
4 0.153125 0.35234375 0.0296875 0.121875
4 0.03046875 0.9390625 0.0609375 0.11484375
4 0.13359375 0.6390625 0.0640625 0.153125
4 0.86875 0.60078125 0.046875 0.11796875
4 0.228125 0.35078125 0.02734375 0.096875
1 0.28203125 0.41328125 0.115625 0.2359375
1 0.875 0.78125 0.24609375 0.2984375