1 0.1640625 0.33125 0.1328125 0.128125
3 0.903125 0.753125 0.0953125 0.13203125
3 0.7234375 0.52109375 0.05625 0.08359375
3 0.27265625 0.41640625 0.053125 0.0625
4 0.90234375 0.71171875 0.046875 0.11796875
4 0.72578125 0.496875 0.0296875 0.08359375
4 0.5421875 0.95859375 0.053125 0.0765625
3 0.35703125 0.9203125 0.053125 0.14140625
4 0.3515625 0.8421875 0.046875 0.16328125
4 0.271875 0.39609375 0.02734375 0.0765625
1 0.38125 0.3578125 0.12109375 0.096875
3 0.4953125 0.4515625 0.05078125 0.08359375
3 0.26796875 0.3171875 0.05390625 0.05234375
4 0.2671875 0.28671875 0.02265625 0.0609375
3 0.0296875 0.309375 0.0390625 0.0546875
4 0.0328125 0.28203125 0.0296875 0.04609375
3 0.0765625 0.3125 0.05859375 0.0609375
4 0.06640625 0.27890625 0.02265625 0.040625
4 0.0890625 0.27890625 0.01796875 0.040625