3 0.08984375 0.921875 0.07421875 0.14921875
3 0.91015625 0.77109375 0.046875 0.1109375
3 0.52734375 0.63515625 0.0390625 0.08359375
3 0.75859375 0.4390625 0.021875 0.059375
3 0.77734375 0.75546875 0.0390625 0.1078125
3 0.253125 0.78984375 0.053125 0.121875
3 0.121875 0.54375 0.0484375 0.07265625
3 0.83671875 0.57109375 0.0328125 0.08671875
3 0.2640625 0.65625 0.04296875 0.096875
3 0.80078125 0.3765625 0.01953125 0.059375
3 0.78515625 0.3109375 0.015625 0.0453125
3 0.85546875 0.95625 0.0546875 0.0796875
3 0.71171875 0.33671875 0.0171875 0.0484375
3 0.78046875 0.55234375 0.025 0.08359375
3 0.359375 0.340625 0.03515625 0.05546875
3 0.03515625 0.5140625 0.03515625 0.06953125
3 0.5734375 0.49296875 0.025 0.06953125
3 0.228125 0.35625 0.03125 0.03828125
4 0.08515625 0.8890625 0.0453125 0.14609375
4 0.03828125 0.41328125 0.0171875 0.06953125
4 0.91328125 0.72890625 0.040625 0.11796875
4 0.11796875 0.5296875 0.0296875 0.07265625
4 0.575 0.46875 0.021875 0.06953125
4 0.53125 0.596875 0.03125 0.096875
4 0.26171875 0.6265625 0.02734375 0.08671875
4 0.759375 0.41484375 0.01953125 0.07265625
4 0.77734375 0.70625 0.0390625 0.10078125
4 0.253125 0.75 0.040625 0.1109375
1 0.24609375 0.4828125 0.109375 0.1109375
1 0.86640625 0.3765625 0.05625 0.09375
1 0.846875 0.16171875 0.025 0.0453125
1 0.56328125 0.86796875 0.1390625 0.25703125
1 0.8515625 0.246875 0.04296875 0.06953125
1 0.92578125 0.24140625 0.046875 0.065625
1 0.8859375 0.13515625 0.025 0.04140625