3 0.184375 0.32265625 0.0296875 0.04140625
2 0.4125 0.5140625 0.38671875 0.4375
5 0.3765625 0.28984375 0.1171875 0.11484375
5 0.78828125 0.425 0.0765625 0.1421875
5 0.26484375 0.22421875 0.053125 0.059375
4 0.18671875 0.3109375 0.0171875 0.05234375
4 0.1328125 0.29375 0.015625 0.02421875
1 0.28984375 0.30703125 0.0609375 0.059375
1 0.4765625 0.34375 0.0546875 0.05546875
1 0.5765625 0.596875 0.109375 0.14609375
2 0.89296875 0.7765625 0.2140625 0.44609375
2 0.32421875 0.86328125 0.42890625 0.27265625
5 0.6984375 0.396875 0.0765625 0.1453125