5 0.840625 0.22890625 0.04296875 0.1109375
3 0.84375 0.95 0.05859375 0.09375
3 0.31171875 0.359375 0.0375 0.0453125
3 0.25078125 0.72734375 0.0328125 0.09375
3 0.10234375 0.3609375 0.040625 0.0625
3 0.7453125 0.3765625 0.021875 0.05234375
3 0.675 0.659375 0.0296875 0.090625
3 0.809375 0.41328125 0.021875 0.05546875
3 0.221875 0.35625 0.0296875 0.05234375
3 0.37578125 0.5328125 0.0375 0.07265625
3 0.76796875 0.82421875 0.040625 0.146875
4 0.76953125 0.740625 0.04296875 0.06875
4 0.559375 0.27109375 0.0140625 0.05546875
4 0.31171875 0.3453125 0.0171875 0.0453125
4 0.6765625 0.6125 0.0328125 0.10078125
4 0.540625 0.27109375 0.01171875 0.0484375
4 0.84375 0.909375 0.046875 0.153125
1 0.34453125 0.61953125 0.1109375 0.14921875
1 0.8671875 0.3453125 0.0546875 0.08671875
1 0.796875 0.19609375 0.03125 0.0453125