3 0.13125 0.534375 0.078125 0.159375
3 0.6671875 0.69296875 0.0921875 0.121875
3 0.34296875 0.328125 0.0328125 0.07265625
3 0.26875 0.346875 0.0375 0.10390625
4 0.184375 0.215625 0.02578125 0.09140625
3 0.18359375 0.2375 0.0390625 0.09375
3 0.8703125 0.46171875 0.0640625 0.125
0 0.5125 0.1421875 0.4234375 0.278125
0 0.940625 0.14765625 0.115625 0.2046875
4 0.6796875 0.63046875 0.05859375 0.15625
3 0.1953125 0.4015625 0.0484375 0.12265625
4 0.196875 0.36953125 0.046875 0.13515625
4 0.27265625 0.315625 0.040625 0.11796875
4 0.12890625 0.4984375 0.0546875 0.1421875
4 0.34296875 0.28828125 0.0328125 0.1109375
4 0.875 0.425 0.046875 0.121875
3 0.953125 0.4015625 0.05625 0.07890625
4 0.959375 0.3625 0.04296875 0.1078125
1 0.15 0.85 0.3 0.290625
3 0.02734375 0.703125 0.0546875 0.115625
3 0.990625 0.54140625 0.01796875 0.11015625
3 0.76875 0.22265625 0.02421875 0.07109375
3 0.80078125 0.25390625 0.02734375 0.08125
3 0.83984375 0.2671875 0.05 0.06875
3 0.8328125 0.0828125 0.04609375 0.0625
4 0.7765625 0.19453125 0.01796875 0.08203125
4 0.81171875 0.2234375 0.0203125 0.1015625
3 0.83203125 0.19296875 0.02890625 0.059375
4 0.84296875 0.24296875 0.02109375 0.0953125
3 0.8578125 0.21953125 0.03515625 0.03828125
3 0.7421875 0.1984375 0.02890625 0.06484375
3 0.0125 0.19453125 0.025 0.08203125
3 0.04453125 0.2 0.02890625 0.07890625
3 0.071875 0.19140625 0.028125 0.06796875
3 0.1171875 0.17265625 0.0296875 0.0671875
3 0.146875 0.16953125 0.028125 0.071875
4 0.140625 0.13359375 0.015625 0.07109375
3 0.1765625 0.15 0.02265625 0.0609375
4 0.171875 0.11953125 0.01875 0.0625
3 0.19609375 0.13125 0.0171875 0.075
3 0.20390625 0.11328125 0.01953125 0.06328125
4 0.0375 0.1515625 0.0203125 0.05390625
1 0.0390625 0.090625 0.075 0.08671875
4 0.0203125 0.11640625 0.01953125 0.05859375
4 0.06875 0.1375 0.0171875 0.0515625
4 0.84609375 0.165625 0.01796875 0.06484375
4 0.109375 0.12421875 0.02109375 0.0578125
1 0.12109375 0.06640625 0.07890625 0.071875
4 0.1390625 0.08984375 0.01875 0.05234375
4 0.1671875 0.08671875 0.015625 0.05
4 0.759375 0.15625 0.01796875 0.06328125
4 0.1875 0.0859375 0.015625 0.0515625
3 0.79375 0.0703125 0.0359375 0.04609375
4 0.86328125 0.18828125 0.01484375 0.06328125
3 0.86484375 0.1328125 0.021875 0.05703125
4 0.87265625 0.09765625 0.01640625 0.04921875