5 0.9328125 0.6421875 0.13125 0.39609375
3 0.5796875 0.71328125 0.03125 0.10078125
3 0.05390625 0.4859375 0.0328125 0.05546875
3 0.18828125 0.72421875 0.040625 0.10078125
4 0.51953125 0.33125 0.015625 0.059375
4 0.3859375 0.85234375 0.0453125 0.14921875
4 0.053125 0.46328125 0.0234375 0.065625
4 0.4515625 0.60078125 0.03125 0.090625
4 0.56171875 0.33671875 0.0171875 0.06953125
4 0.58203125 0.6734375 0.03125 0.10390625
1 0.3015625 0.840625 0.1734375 0.29140625
1 0.30625 0.4984375 0.11328125 0.09375
1 0.5640625 0.2484375 0.04296875 0.059375
1 0.3125 0.58828125 0.1171875 0.16328125
1 0.85234375 0.22890625 0.0375 0.0625
1 0.9375 0.296875 0.05859375 0.09375
1 0.78984375 0.38203125 0.05625 0.1109375
1 0.12890625 0.3921875 0.10546875 0.0765625
1 0.9375 0.4390625 0.07421875 0.0796875