3 0.8453125 0.7796875 0.0390625 0.11484375
3 0.66796875 0.7171875 0.03515625 0.10078125
3 0.703125 0.6375 0.02734375 0.08671875
0 0.3609375 0.465625 0.22265625 0.2984375
4 0.4609375 0.534375 0.0234375 0.096875
4 0.153125 0.33828125 0.009375 0.05234375
4 0.59375 0.2328125 0.01171875 0.0484375
4 0.66796875 0.68046875 0.03515625 0.1109375
4 0.49296875 0.31796875 0.0140625 0.059375
4 0.7703125 0.33359375 0.0171875 0.0625
4 0.84453125 0.73984375 0.0375 0.1109375
4 0.55546875 0.35625 0.0140625 0.059375
4 0.80859375 0.36953125 0.01953125 0.0796875
1 0.46875 0.690625 0.12890625 0.221875
1 0.11796875 0.53828125 0.1 0.125
1 0.046875 0.4375 0.09375 0.096875
1 0.7890625 0.2515625 0.03515625 0.065625
1 0.215625 0.47890625 0.0875 0.1109375
1 0.9015625 0.23984375 0.040625 0.0625
1 0.803125 0.184375 0.02734375 0.0484375