3 0.0734375 0.7984375 0.0765625 0.1875
3 0.44375 0.57265625 0.0390625 0.13203125
3 0.62890625 0.809375 0.1328125 0.16640625
3 0.1234375 0.5953125 0.05859375 0.121875
3 0.5421875 0.7 0.0765625 0.15625
4 0.25390625 0.2265625 0.0203125 0.06875
4 0.24296875 0.2015625 0.0203125 0.03828125
4 0.2890625 0.165625 0.01875 0.0484375
3 0.31015625 0.1125 0.02109375 0.04453125
4 0.3109375 0.08046875 0.01328125 0.04296875
4 0.384375 0.0890625 0.01875 0.05625
3 0.38125 0.1109375 0.0234375 0.05546875
3 0.73359375 0.4515625 0.103125 0.11796875
3 0.184375 0.48125 0.040625 0.1078125
4 0.6265625 0.78671875 0.05859375 0.17734375
3 0.85703125 0.91015625 0.14375 0.16015625
4 0.8546875 0.8453125 0.0640625 0.2046875
4 0.8140625 0.8125 0.04296875 0.215625
3 0.51796875 0.59453125 0.04375 0.09921875
4 0.515625 0.5484375 0.046875 0.14609375
4 0.5453125 0.659375 0.046875 0.1734375
4 0.06953125 0.74296875 0.0640625 0.153125
4 0.1265625 0.5609375 0.04296875 0.1421875
4 0.1875 0.42578125 0.0375 0.0875
3 0.19609375 0.371875 0.040625 0.0625
4 0.19453125 0.346875 0.0328125 0.10390625
1 0.1984375 0.7015625 0.2125 0.43046875
1 0.32109375 0.25 0.0765625 0.11796875
1 0.2625 0.39765625 0.115625 0.21875
4 0.27421875 0.1109375 0.0140625 0.03203125
1 0.340625 0.1109375 0.0484375 0.096875
1 0.38359375 0.91484375 0.3421875 0.16328125
1 0.7125 0.60234375 0.265625 0.2328125
4 0.240625 0.265625 0.021875 0.0578125
3 0.25390625 0.25546875 0.021875 0.046875
4 0.44453125 0.49140625 0.0296875 0.0765625
1 0.33515625 0.03359375 0.046875 0.06640625