5 0.0578125 0.45859375 0.115625 0.18046875
3 0.29765625 0.83515625 0.0328125 0.10078125
3 0.4125 0.53125 0.0234375 0.06953125
4 0.29375 0.796875 0.040625 0.13515625
4 0.2546875 0.33359375 0.0140625 0.0625
3 0.5953125 0.5609375 0.02890625 0.06953125
4 0.596875 0.5109375 0.021875 0.0640625
3 0.853125 0.4015625 0.0234375 0.0515625
4 0.8546875 0.36328125 0.021875 0.046875
3 0.87109375 0.5171875 0.0234375 0.07578125
4 0.8734375 0.4671875 0.0265625 0.05234375
4 0.41640625 0.47421875 0.021875 0.0578125
4 0.45703125 0.4328125 0.01953125 0.0359375
1 0.834375 0.22890625 0.03515625 0.0625
1 0.77265625 0.57265625 0.084375 0.18046875
3 0.353125 0.75390625 0.03203125 0.109375