2 0.1015625 0.67734375 0.08203125 0.19453125
3 0.73046875 0.81953125 0.0390625 0.11796875
3 0.87890625 0.55390625 0.03515625 0.08671875
3 0.83515625 0.60078125 0.0328125 0.08359375
3 0.1125 0.38203125 0.040625 0.04140625
3 0.7046875 0.47734375 0.0234375 0.065625
3 0.08984375 0.5125 0.0390625 0.08671875
3 0.21484375 0.91171875 0.04296875 0.1078125
3 0.03515625 0.61640625 0.04296875 0.1078125
3 0.28515625 0.96328125 0.05078125 0.065625
3 0.82109375 0.31953125 0.0171875 0.0484375
4 0.73046875 0.77265625 0.0390625 0.128125
4 0.834375 0.575 0.0390625 0.11484375
4 0.67265625 0.421875 0.025 0.08671875
4 0.94609375 0.75859375 0.0453125 0.1421875
4 0.2859375 0.92734375 0.0484375 0.1390625
4 0.7046875 0.44453125 0.0234375 0.08359375
4 0.2 0.77421875 0.053125 0.153125
1 0.30859375 0.359375 0.11328125 0.08671875
1 0.87109375 0.390625 0.05859375 0.1078125
1 0.22578125 0.54140625 0.0921875 0.159375
1 0.91484375 0.24296875 0.040625 0.05546875
1 0.76484375 0.32265625 0.0484375 0.090625