3 0.353125 0.9375 0.04296875 0.11796875
3 0.4125 0.69609375 0.03515625 0.09375
3 0.25078125 0.7171875 0.0453125 0.1078125
3 0.446875 0.49140625 0.01953125 0.059375
3 0.3328125 0.73984375 0.040625 0.096875
3 0.29609375 0.4875 0.0453125 0.059375
3 0.21171875 0.5484375 0.0328125 0.06953125
3 0.73359375 0.421875 0.021875 0.065625
3 0.24375 0.4859375 0.03515625 0.0625
3 0.81328125 0.36953125 0.0171875 0.05234375
3 0.3109375 0.3578125 0.03515625 0.04140625
3 0.52265625 0.453125 0.0171875 0.059375
3 0.39453125 0.33125 0.03125 0.0453125
5 0.884375 0.4046875 0.078125 0.190625
4 0.89765625 0.9671875 0.0484375 0.059375
5 0.6359375 0.77578125 0.16953125 0.4484375
4 0.71015625 0.5328125 0.025 0.1078125
4 0.4796875 0.421875 0.0171875 0.0796875
4 0.34765625 0.61796875 0.03515625 0.096875
4 0.2421875 0.46875 0.02734375 0.06953125
4 0.446875 0.4671875 0.01953125 0.07265625
4 0.79609375 0.47890625 0.025 0.096875
4 0.4140625 0.659375 0.03515625 0.096875
4 0.3515625 0.878125 0.0390625 0.125
4 0.815625 0.35234375 0.0171875 0.059375
4 0.56640625 0.3578125 0.015625 0.0625
4 0.25 0.6859375 0.03515625 0.10078125
4 0.33515625 0.7046875 0.0375 0.1109375
1 0.1140625 0.6109375 0.0875 0.14609375
1 0.8640625 0.18203125 0.0296875 0.0453125
1 0.8875 0.13203125 0.025 0.04140625