3 0.72734375 0.4078125 0.0171875 0.05234375
3 0.30078125 0.7515625 0.05078125 0.11484375
3 0.53125 0.35390625 0.015625 0.04140625
3 0.1609375 0.3765625 0.040625 0.03828125
3 0.7984375 0.52265625 0.0234375 0.07265625
3 0.053125 0.3734375 0.03515625 0.03828125
3 0.7703125 0.47734375 0.025 0.07265625
3 0.33125 0.653125 0.0375 0.08359375
3 0.38984375 0.52421875 0.0296875 0.06953125
0 0.51171875 0.53125 0.19140625 0.3125
5 0.9171875 0.47734375 0.1625 0.434375
5 0.34765625 0.340625 0.13671875 0.13203125
4 0.39140625 0.49453125 0.025 0.07265625
4 0.1609375 0.359375 0.021875 0.05234375
4 0.73125 0.296875 0.0140625 0.059375
4 0.3296875 0.621875 0.03125 0.08359375
4 0.73125 0.38515625 0.0171875 0.0625
4 0.80078125 0.49296875 0.0234375 0.06953125
4 0.76953125 0.39921875 0.0234375 0.0765625
1 0.8015625 0.30703125 0.0453125 0.07265625
1 0.4515625 0.246875 0.04296875 0.0484375
1 0.85859375 0.21171875 0.0328125 0.0625
1 0.7921875 0.21015625 0.0328125 0.05234375