3 0.78203125 0.840625 0.0796875 0.159375
4 0.8015625 0.34296875 0.0265625 0.0734375
3 0.7984375 0.3640625 0.046875 0.04296875
3 0.346875 0.36796875 0.0453125 0.0625
3 0.71796875 0.3703125 0.0515625 0.0515625
3 0.58203125 0.3296875 0.03671875 0.04453125
3 0.1328125 0.30703125 0.05078125 0.059375
5 0.3421875 0.6859375 0.2578125 0.51015625
4 0.775 0.78984375 0.05078125 0.121875
4 0.79296875 0.8140625 0.05078125 0.121875
4 0.12890625 0.2828125 0.0234375 0.05234375
4 0.34375 0.46328125 0.015625 0.03828125
4 0.37109375 0.48984375 0.02734375 0.05546875
3 0.9328125 0.3375 0.04609375 0.0625
3 0.459375 0.3703125 0.065625 0.0375
4 0.34296875 0.33984375 0.009375 0.0578125
4 0.35625 0.34921875 0.0171875 0.0765625
3 0.2 0.31875 0.05078125 0.053125
4 0.19296875 0.28515625 0.02421875 0.0625
3 0.02109375 0.315625 0.04140625 0.053125
4 0.015625 0.27578125 0.0140625 0.05625
4 0.03046875 0.290625 0.0140625 0.0609375
4 0.46171875 0.34921875 0.0203125 0.0703125
4 0.71484375 0.34453125 0.01328125 0.0609375
4 0.94296875 0.30859375 0.01796875 0.0609375
3 0.9890625 0.33671875 0.021875 0.0703125
4 0.5875 0.29921875 0.01484375 0.0703125
3 0.39296875 0.53359375 0.04140625 0.046875
3 0.7453125 0.33359375 0.04140625 0.0515625
4 0.75234375 0.30625 0.0171875 0.0625