5 0.43828125 0.29375 0.0875 0.121875
3 0.2734375 0.71171875 0.0390625 0.10390625
3 0.221875 0.6859375 0.0453125 0.10078125
3 0.7234375 0.3875 0.0171875 0.059375
3 0.36875 0.61484375 0.02734375 0.0765625
3 0.57109375 0.3734375 0.0171875 0.05234375
5 0.5828125 0.2359375 0.053125 0.096875
4 0.77734375 0.3765625 0.01953125 0.0796875
4 0.371875 0.58828125 0.0296875 0.10078125
4 0.21875 0.64765625 0.03125 0.09375
4 0.4296875 0.465625 0.0234375 0.090625
4 0.26953125 0.67734375 0.02734375 0.090625
1 0.9171875 0.5453125 0.1 0.153125
1 0.1484375 0.53125 0.09375 0.14609375
1 0.43359375 0.796875 0.12890625 0.28125
1 0.01640625 0.4703125 0.0328125 0.07265625
1 0.98515625 0.471875 0.025 0.14609375
1 0.9140625 0.2375 0.046875 0.07265625
1 0.81953125 0.8296875 0.11875 0.33359375
1 0.79296875 0.30234375 0.046875 0.10390625