2 0.2015625 0.61015625 0.18359375 0.3
5 0.765625 0.81796875 0.1109375 0.18671875
4 0.81796875 0.61015625 0.01640625 0.05078125
4 0.0359375 0.60546875 0.0234375 0.06875
1 0.29296875 0.7046875 0.07109375 0.10703125
1 0.56328125 0.4375 0.01640625 0.0265625
1 0.64296875 0.44765625 0.02109375 0.02890625
2 0.4484375 0.85 0.2 0.29921875
2 0.07109375 0.86953125 0.1421875 0.2609375
2 0.44375 0.4703125 0.05546875 0.14375
5 0.36953125 0.4359375 0.05859375 0.10625
5 0.9546875 0.95859375 0.090625 0.0828125
1 0.66953125 0.546875 0.04296875 0.0578125