5 0.10859375 0.45 0.1578125 0.19765625
3 0.85625 0.840625 0.0453125 0.125
3 0.8171875 0.31953125 0.0171875 0.0484375
3 0.7921875 0.625 0.0328125 0.096875
3 0.36875 0.54140625 0.03515625 0.0765625
3 0.4515625 0.51015625 0.02734375 0.06953125
3 0.828125 0.5140625 0.02734375 0.08359375
4 0.41015625 0.9390625 0.04296875 0.11484375
4 0.36796875 0.5140625 0.025 0.08359375
4 0.853125 0.78671875 0.04296875 0.128125
4 0.5546875 0.32109375 0.015625 0.059375
4 0.48046875 0.42734375 0.0234375 0.0765625
4 0.453125 0.48984375 0.0234375 0.08359375
4 0.79296875 0.52578125 0.02734375 0.0796875
1 0.203125 0.7046875 0.09765625 0.215625
5 0.8953125 0.4109375 0.10234375 0.26171875
1 0.85859375 0.2328125 0.0375 0.05546875
1 0.39921875 0.28125 0.040625 0.0625
1 0.021875 0.43046875 0.04296875 0.0765625
1 0.17109375 0.31796875 0.0875 0.065625
1 0.76015625 0.85859375 0.1453125 0.2828125