5 0.40703125 0.4875 0.2171875 0.253125
3 0.196875 0.52578125 0.05859375 0.09375
3 0.64453125 0.690625 0.08203125 0.096875
3 0.6921875 0.64609375 0.06875 0.090625
3 0.5890625 0.35078125 0.0296875 0.034375
3 0.646875 0.3453125 0.02734375 0.03125
3 0.61640625 0.5140625 0.0484375 0.06953125
0 0.578125 0.2515625 0.05859375 0.059375
4 0.64453125 0.65078125 0.04296875 0.11484375
4 0.69375 0.6125 0.03125 0.10078125
4 0.6453125 0.33359375 0.0140625 0.04140625
4 0.5859375 0.33828125 0.015625 0.03828125
4 0.19921875 0.5015625 0.03125 0.10078125
1 0.4 0.36484375 0.0859375 0.05546875
1 0.86328125 0.5921875 0.1640625 0.128125
1 0.61640625 0.27265625 0.0296875 0.03125
1 0.0703125 0.2796875 0.07421875 0.059375
1 0.9578125 0.59375 0.0796875 0.08359375
1 0.7828125 0.371875 0.0390625 0.0484375