1 0.67578125 0.44453125 0.08984375 0.10390625
3 0.93671875 0.51015625 0.05625 0.05546875
3 0.4703125 0.52421875 0.0625 0.06953125
3 0.81640625 0.8296875 0.10546875 0.11796875
3 0.38125 0.53671875 0.0703125 0.0796875
4 0.8140625 0.78984375 0.04296875 0.1421875
4 0.940625 0.48984375 0.0328125 0.0625
4 0.490625 0.5 0.02734375 0.08359375
4 0.4734375 0.5 0.025 0.08359375
4 0.3828125 0.515625 0.02734375 0.08671875
1 0.4078125 0.3890625 0.09375 0.06953125
1 0.0515625 0.47578125 0.103125 0.1109375
1 0.77734375 0.71015625 0.203125 0.19765625