5 0.6703125 0.3109375 0.09765625 0.13515625
3 0.190625 0.81953125 0.0609375 0.1109375
3 0.4 0.3421875 0.03125 0.03828125
3 0.409375 0.5796875 0.0296875 0.06953125
3 0.509375 0.371875 0.01953125 0.0484375
3 0.8640625 0.425 0.021875 0.059375
4 0.73046875 0.30234375 0.015625 0.0625
4 0.41015625 0.54375 0.02734375 0.07265625
4 0.8640625 0.4046875 0.021875 0.065625
1 0.18828125 0.38046875 0.103125 0.0796875
1 0.8546875 0.2328125 0.040625 0.06953125
1 0.84453125 0.1546875 0.025 0.03828125
1 0.93359375 0.28984375 0.05859375 0.0796875
1 0.06875 0.378125 0.078125 0.0765625
1 0.95234375 0.8125 0.0921875 0.346875
1 0.39921875 0.2828125 0.040625 0.059375
1 0.79296875 0.3125 0.046875 0.096875
1 0.17109375 0.31796875 0.0875 0.059375
1 0.79296875 0.21171875 0.03125 0.0484375
1 0.78046875 0.25703125 0.0375 0.05546875