5 0.14921875 0.753125 0.2984375 0.47890625
3 0.32734375 0.35390625 0.040625 0.0625
3 0.50390625 0.75546875 0.05859375 0.15625
3 0.659375 0.5609375 0.0328125 0.07265625
3 0.17890625 0.33515625 0.0296875 0.059375
3 0.75 0.621875 0.03515625 0.096875
3 0.725 0.41484375 0.01953125 0.0453125
3 0.42578125 0.27421875 0.0234375 0.0484375
3 0.5375 0.265625 0.015625 0.03828125
3 0.49609375 0.5921875 0.046875 0.10078125
3 0.88125 0.58359375 0.03125 0.0765625
3 0.23515625 0.359375 0.040625 0.065625
3 0.46796875 0.28828125 0.021875 0.05546875
3 0.81640625 0.5609375 0.03125 0.07265625
4 0.66015625 0.51875 0.03515625 0.1078125
4 0.3265625 0.33125 0.02734375 0.0796875
4 0.5078125 0.7171875 0.046875 0.13515625
4 0.63359375 0.671875 0.040625 0.1421875
4 0.728125 0.38359375 0.0234375 0.07265625
4 0.35234375 0.953125 0.0484375 0.08671875
4 0.88984375 0.55 0.0328125 0.1078125
4 0.1796875 0.3109375 0.0234375 0.07265625
4 0.6671875 0.79140625 0.0484375 0.1390625
4 0.2359375 0.33515625 0.0234375 0.07265625
4 0.4703125 0.27265625 0.015625 0.065625
4 0.75078125 0.4828125 0.0328125 0.08359375
4 0.79765625 0.8765625 0.05625 0.184375
1 0.7640625 0.325 0.0546875 0.07265625
1 0.79609375 0.25859375 0.040625 0.059375
1 0.609375 0.21328125 0.03125 0.05234375
1 0.2765625 0.24453125 0.0484375 0.0796875
1 0.596875 0.40625 0.0953125 0.125