5 0.24140625 0.71015625 0.1421875 0.28203125
5 0.10234375 0.73125 0.2046875 0.38203125
5 0.31171875 0.50078125 0.06640625 0.1359375
2 0.4375 0.82421875 0.2375 0.3515625
1 0.3765625 0.61875 0.07890625 0.16640625
5 0.6109375 0.47109375 0.03125 0.0625
4 0.08359375 0.54296875 0.0171875 0.046875
4 0.06328125 0.57421875 0.01875 0.05078125
1 0.2546875 0.52578125 0.0453125 0.05078125
2 0.91015625 0.78671875 0.1796875 0.4265625
5 0.26640625 0.90859375 0.1984375 0.1828125
2 0.37890625 0.44375 0.053125 0.0828125