3 0.653125 0.9203125 0.134375 0.153125
3 0.96875 0.8890625 0.05859375 0.13203125
3 0.7359375 0.45859375 0.09375 0.10390625
3 0.22578125 0.3703125 0.02734375 0.05625
4 0.23125 0.32109375 0.021875 0.08046875
3 0.2578125 0.2671875 0.021875 0.0625
5 0.38359375 0.33515625 0.084375 0.190625
4 0.64453125 0.89921875 0.07421875 0.19453125
4 0.5015625 0.9375 0.05859375 0.11796875
4 0.1921875 0.43203125 0.0375 0.121875
4 0.97578125 0.38125 0.03515625 0.14609375
3 0.271875 0.54765625 0.03828125 0.11640625
4 0.2703125 0.5171875 0.0328125 0.13203125
3 0.4734375 0.2140625 0.03125 0.05625
4 0.47265625 0.1890625 0.01953125 0.0796875
1 0.3140625 0.25 0.07421875 0.11796875
1 0.13203125 0.7484375 0.225 0.46875
1 0.42265625 0.19140625 0.059375 0.12109375
5 0.28984375 0.77578125 0.303125 0.44765625
4 0.25625 0.22109375 0.0125 0.075
3 0.48984375 0.509375 0.05234375 0.10078125
4 0.48359375 0.4296875 0.04453125 0.0734375
4 0.5515625 0.34296875 0.028125 0.11484375
3 0.2390625 0.42890625 0.0296875 0.10703125
4 0.25 0.3765625 0.02734375 0.09921875
4 0.24453125 0.38828125 0.021875 0.10078125
3 0.71875 0.38125 0.10546875 0.0703125
1 0.284375 0.11328125 0.09375 0.07734375
4 0.33046875 0.125 0.0125 0.04921875
3 0.3515625 0.12109375 0.01796875 0.05703125
4 0.35234375 0.07578125 0.0140625 0.05234375
4 0.29140625 0.14375 0.0140625 0.04296875
3 0.415625 0.11953125 0.015625 0.02578125
3 0.43828125 0.1203125 0.01484375 0.03671875
4 0.45 0.11953125 0.0140625 0.05390625
1 0.39375 0.07734375 0.04296875 0.08046875
4 0.41484375 0.09453125 0.015625 0.04609375
4 0.43671875 0.08515625 0.015625 0.04921875
3 0.30078125 0.0671875 0.00703125 0.02890625
4 0.3109375 0.06015625 0.0125 0.04296875
5 0.340625 0.03046875 0.0375 0.0609375
3 0.45078125 0.07890625 0.015625 0.03671875
4 0.45 0.053125 0.00859375 0.04765625
4 0.28046875 0.46875 0.02421875 0.08828125