3 0.815625 0.91875 0.0453125 0.13515625
3 0.60234375 0.44296875 0.021875 0.059375
3 0.29375 0.5796875 0.0375 0.08359375
3 0.71953125 0.83359375 0.0328125 0.1109375
3 0.740625 0.46171875 0.01953125 0.0625
3 0.696875 0.434375 0.01953125 0.0625
3 0.465625 0.51015625 0.025 0.0625
3 0.496875 0.5328125 0.025 0.07265625
3 0.42109375 0.46875 0.021875 0.0625
3 0.16796875 0.91484375 0.04296875 0.121875
3 0.715625 0.31953125 0.0171875 0.0484375
3 0.36796875 0.346875 0.0328125 0.04140625
3 0.4921875 0.39375 0.015625 0.0453125
3 0.74140625 0.27578125 0.0140625 0.03828125
3 0.575 0.878125 0.0375 0.125
4 0.7203125 0.78125 0.03515625 0.10390625
4 0.57890625 0.83359375 0.0328125 0.11796875
4 0.815625 0.86953125 0.0453125 0.15625
4 0.6984375 0.41328125 0.021875 0.0625
4 0.496875 0.50703125 0.025 0.06953125
4 0.603125 0.4203125 0.0234375 0.0765625
1 0.19453125 0.653125 0.1109375 0.1734375
1 0.090625 0.52265625 0.15 0.14921875
1 0.78125 0.55 0.07421875 0.14921875
1 0.48515625 0.30546875 0.0640625 0.0625
1 0.83984375 0.1890625 0.02734375 0.0453125
1 0.92578125 0.2484375 0.046875 0.065625
1 0.17109375 0.31953125 0.0875 0.0625
1 0.7828125 0.2640625 0.0390625 0.0765625
1 0.88203125 0.11484375 0.021875 0.034375
1 0.4515625 0.24296875 0.04296875 0.0484375
1 0.39765625 0.284375 0.0375 0.05546875