3 0.0984375 0.5171875 0.0765625 0.096875
3 0.25703125 0.41171875 0.0484375 0.08671875
3 0.71796875 0.625 0.0328125 0.08359375
3 0.8875 0.2671875 0.0171875 0.05546875
3 0.3640625 0.2796875 0.0296875 0.0453125
3 0.83515625 0.3125 0.021875 0.0625
1 0.3625 0.39609375 0.165625 0.221875
5 0.0625 0.4234375 0.125 0.25
4 0.71953125 0.578125 0.040625 0.1078125
4 0.10234375 0.4828125 0.0296875 0.11796875
4 0.26171875 0.3890625 0.03125 0.090625
4 0.8515625 0.24296875 0.015625 0.04140625
4 0.63125 0.22421875 0.01171875 0.0453125
4 0.19453125 0.27109375 0.0171875 0.08359375
4 0.36640625 0.265625 0.0171875 0.05234375
1 0.396875 0.86796875 0.23828125 0.25703125
1 0.82734375 0.203125 0.0296875 0.03828125
1 0.6109375 0.2640625 0.0546875 0.05546875
1 0.696875 0.2046875 0.0390625 0.0484375