1 0.2703125 0.68203125 0.1734375 0.33671875
3 0.7515625 0.41171875 0.01953125 0.059375
3 0.921875 0.67890625 0.04296875 0.10078125
3 0.7515625 0.2984375 0.015625 0.04140625
3 0.48125 0.465625 0.021875 0.0625
3 0.25390625 0.36484375 0.0390625 0.04140625
3 0.45625 0.403125 0.021875 0.05546875
3 0.246875 0.49453125 0.0375 0.07265625
4 0.61328125 0.8734375 0.04296875 0.1421875
4 0.17578125 0.596875 0.0234375 0.1109375
4 0.2171875 0.50703125 0.0234375 0.05546875
4 0.6859375 0.346875 0.015625 0.06953125
4 0.71953125 0.296875 0.0140625 0.059375
4 0.921875 0.6421875 0.03515625 0.096875
4 0.2515625 0.346875 0.015625 0.04140625
4 0.24296875 0.47734375 0.025 0.07265625
4 0.8 0.45859375 0.025 0.08359375
1 0.903125 0.46171875 0.0875 0.159375
1 0.803125 0.27109375 0.0390625 0.06953125
1 0.8390625 0.20859375 0.0296875 0.0484375
1 0.17109375 0.315625 0.0875 0.0625
1 0.875 0.1109375 0.01953125 0.04140625
1 0.4515625 0.24296875 0.04296875 0.0484375