3 0.7375 0.73125 0.0875 0.1078125
3 0.62578125 0.6421875 0.0796875 0.090625
3 0.49921875 0.6890625 0.0796875 0.1078125
3 0.7421875 0.6234375 0.07421875 0.0796875
3 0.7078125 0.41328125 0.0328125 0.04140625
3 0.03203125 0.4234375 0.0609375 0.06953125
3 0.5671875 0.5953125 0.0640625 0.08671875
3 0.55859375 0.3578125 0.03125 0.034375
3 0.5125 0.55234375 0.0484375 0.0765625
4 0.62890625 0.621875 0.03125 0.125
4 0.49609375 0.6578125 0.03515625 0.121875
4 0.75 0.60234375 0.02734375 0.09375
4 0.046875 0.40625 0.03125 0.08359375
4 0.7109375 0.39765625 0.01953125 0.05234375
4 0.03125 0.4078125 0.03125 0.0796875
1 0.38359375 0.36640625 0.06875 0.07265625
1 0.5078125 0.3921875 0.08984375 0.06953125
1 0.74609375 0.3734375 0.0546875 0.059375
1 0.22578125 0.4046875 0.1234375 0.1078125