3 0.1703125 0.50859375 0.0703125 0.11484375
3 0.30390625 0.409375 0.0453125 0.0765625
3 0.7875 0.528125 0.02734375 0.0625
3 0.72265625 0.4375 0.0234375 0.0484375
5 0.7578125 0.2046875 0.0703125 0.096875
5 0.12109375 0.41484375 0.234375 0.2671875
4 0.8734375 0.59375 0.04296875 0.10390625
4 0.7265625 0.40625 0.0234375 0.0765625
4 0.70234375 0.35078125 0.021875 0.06953125
4 0.78984375 0.49453125 0.0296875 0.1078125
4 0.240625 0.296875 0.015625 0.05234375
4 0.68828125 0.97421875 0.0484375 0.0453125
4 0.196875 0.26875 0.01953125 0.03828125
4 0.1734375 0.47734375 0.03125 0.1078125
4 0.309375 0.38203125 0.021875 0.0765625
1 0.50859375 0.27109375 0.0640625 0.06953125