3 0.45 0.628125 0.0296875 0.08359375
3 0.7140625 0.38515625 0.0171875 0.05546875
3 0.8890625 0.5453125 0.02734375 0.0765625
3 0.2890625 0.684375 0.04296875 0.11796875
3 0.7609375 0.41875 0.0171875 0.059375
3 0.8171875 0.503125 0.025 0.06953125
3 0.70703125 0.52109375 0.0234375 0.0765625
5 0.32421875 0.3265625 0.17578125 0.14609375
4 0.44921875 0.5953125 0.02734375 0.10078125
4 0.890625 0.50703125 0.02734375 0.06953125
4 0.715625 0.3625 0.0171875 0.059375
4 0.8171875 0.46171875 0.021875 0.06953125
1 0.490625 0.30546875 0.0625 0.0625
1 0.159375 0.86796875 0.1859375 0.25703125
1 0.86796875 0.35390625 0.05625 0.096875
1 0.60234375 0.2328125 0.040625 0.05546875
1 0.91875 0.29140625 0.0484375 0.06953125
1 0.7921875 0.1875 0.0296875 0.0484375
1 0.96875 0.35625 0.05859375 0.10078125
1 0.4515625 0.24453125 0.04296875 0.0453125
5 0.22734375 0.5453125 0.18828125 0.2046875