3 0.471875 0.34921875 0.0375 0.08671875
3 0.20234375 0.3921875 0.0375 0.096875
3 0.3703125 0.15 0.01953125 0.046875
3 0.3796875 0.16171875 0.0171875 0.065625
4 0.19921875 0.3328125 0.015625 0.065625
3 0.23046875 0.325 0.02734375 0.08671875
4 0.465625 0.3109375 0.0296875 0.0796875
1 0.121875 0.66640625 0.2046875 0.38203125
1 0.29609375 0.1578125 0.06875 0.128125
1 0.6078125 0.778125 0.375 0.4375
3 0.16015625 0.246875 0.06953125 0.08359375
3 0.11640625 0.29140625 0.06484375 0.078125
3 0.16328125 0.146875 0.05390625 0.046875
1 0.21875 0.075 0.06484375 0.10546875
3 0.2484375 0.12890625 0.0234375 0.05
4 0.24921875 0.07890625 0.01328125 0.040625
3 0.26953125 0.12890625 0.01171875 0.025
4 0.29453125 0.0828125 0.0140625 0.0328125
4 0.3328125 0.08125 0.0171875 0.0359375
3 0.3265625 0.0578125 0.01953125 0.040625
1 0.37421875 0.0328125 0.0453125 0.065625
4 0.3828125 0.1296875 0.0140625 0.0484375
4 0.3671875 0.10390625 0.0140625 0.05
3 0.4046875 0.0546875 0.01328125 0.021875
3 0.41953125 0.2171875 0.03125 0.0765625
3 0.5828125 0.26953125 0.0453125 0.046875
4 0.19140625 0.309375 0.015625 0.05
4 0.2296875 0.27578125 0.0203125 0.065625
4 0.325 0.03046875 0.01171875 0.0390625
4 0.26796875 0.09296875 0.01484375 0.04375
4 0.4125 0.13828125 0.015625 0.0515625
3 0.46796875 0.13359375 0.0515625 0.046875
4 0.4125 0.0875 0.0125 0.0421875