3 0.51796875 0.1703125 0.0140625 0.04375
5 0.29375 0.6328125 0.259375 0.703125
5 0.4375 0.10390625 0.05625 0.1546875
1 0.44609375 0.02109375 0.0328125 0.0328125
3 0.5234375 0.03671875 0.01015625 0.02265625
4 0.52265625 0.028125 0.0109375 0.034375
5 0.19765625 0.12890625 0.0578125 0.1359375
5 0.30703125 0.04375 0.0515625 0.0875
5 0.0125 0.17578125 0.025 0.1703125
1 0.0234375 0.0890625 0.046875 0.07109375
4 0.5203125 0.14765625 0.0125 0.0328125
5 0.60703125 0.02109375 0.0640625 0.0421875
3 0.61875 0.0859375 0.0171875 0.02265625
4 0.621875 0.06796875 0.01015625 0.03125
4 0.63203125 0.07890625 0.0140625 0.0484375