3 0.3921875 0.7359375 0.0625 0.1390625
3 0.70625 0.496875 0.040625 0.096875
3 0.6671875 0.9203125 0.05625 0.11796875
3 0.61015625 0.36484375 0.0296875 0.06953125
3 0.8375 0.28984375 0.01953125 0.05234375
3 0.671875 0.33671875 0.02734375 0.0625
3 0.7953125 0.27265625 0.015625 0.059375
3 0.7609375 0.27265625 0.0171875 0.0453125
4 0.87890625 0.89375 0.05859375 0.15625
4 0.81640625 0.1875 0.01171875 0.04140625
4 0.37421875 0.90625 0.0640625 0.159375
4 0.5703125 0.91328125 0.05859375 0.16640625
4 0.80078125 0.534375 0.03125 0.10390625
4 0.7625 0.25703125 0.021875 0.05546875
4 0.15546875 0.4234375 0.0171875 0.05546875
4 0.70703125 0.471875 0.02734375 0.090625
4 0.39921875 0.690625 0.0453125 0.1109375
4 0.609375 0.34375 0.0234375 0.06953125
4 0.7359375 0.30390625 0.01953125 0.065625
4 0.78828125 0.378125 0.025 0.0765625
4 0.67109375 0.31796875 0.021875 0.059375
1 0.553125 0.71015625 0.14453125 0.22578125
1 0.521875 0.5015625 0.12890625 0.1703125
1 0.66328125 0.2328125 0.0484375 0.0625
1 0.18359375 0.64921875 0.24609375 0.24296875