1 0.59453125 0.425 0.115625 0.16328125
3 0.1890625 0.67734375 0.078125 0.1390625
3 0.7125 0.60390625 0.03515625 0.090625
3 0.7953125 0.4703125 0.03125 0.08671875
3 0.8390625 0.61484375 0.0328125 0.090625
0 0.778125 0.22578125 0.0640625 0.125
4 0.19140625 0.6390625 0.046875 0.11796875
3 0.65 0.81484375 0.04375 0.1140625
4 0.66015625 0.75546875 0.04296875 0.1421875
3 0.7484375 0.95703125 0.0421875 0.08046875
4 0.7546875 0.87265625 0.053125 0.11015625
4 0.70625 0.44296875 0.025 0.08671875
4 0.15546875 0.4234375 0.0171875 0.05546875
4 0.6578125 0.953125 0.046875 0.08671875
4 0.8421875 0.57265625 0.0390625 0.096875
4 0.7125 0.565625 0.03125 0.10390625
1 0.35546875 0.5484375 0.15234375 0.16640625
1 0.75625 0.16875 0.03515625 0.059375
1 0.31640625 0.8140625 0.2265625 0.309375
1 0.64296875 0.30078125 0.084375 0.11953125