3 0.8140625 0.85625 0.15234375 0.17734375
3 0.60546875 0.5171875 0.05078125 0.11796875
3 0.1765625 0.5796875 0.040625 0.13203125
3 0.7375 0.44765625 0.0953125 0.125
3 0.246875 0.3921875 0.0328125 0.08359375
4 0.81328125 0.82109375 0.06875 0.190625
4 0.26875 0.5015625 0.04296875 0.1703125
4 0.60078125 0.47421875 0.040625 0.1078125
4 0.7609375 0.934375 0.0640625 0.125
4 0.2578125 0.95 0.04296875 0.09375
4 0.51484375 0.3125 0.0296875 0.090625
4 0.97265625 0.38359375 0.04296875 0.1421875
4 0.18359375 0.54375 0.0546875 0.1421875
4 0.0359375 0.86796875 0.0640625 0.159375
4 0.22578125 0.3296875 0.025 0.1109375
1 0.4015625 0.359375 0.0765625 0.1421875