3 0.640625 0.625 0.0390625 0.10390625
3 0.46171875 0.565625 0.0453125 0.1109375
3 0.68359375 0.453125 0.03515625 0.09375
3 0.73125 0.44765625 0.0296875 0.0765625
3 0.484375 0.70859375 0.05859375 0.125
3 0.7421875 0.215625 0.015625 0.05546875
3 0.546875 0.425 0.02734375 0.065625
3 0.7921875 0.4359375 0.0328125 0.065625
3 0.271875 0.45625 0.0703125 0.0796875
3 0.52109375 0.59453125 0.02734375 0.08203125
3 0.67265625 0.21875 0.0171875 0.05546875
3 0.7703125 0.35234375 0.021875 0.065625
3 0.69140625 0.33125 0.0234375 0.059375
3 0.60390625 0.4421875 0.03203125 0.05703125
4 0.80859375 0.525 0.03125 0.084375
4 0.4625 0.91875 0.07421875 0.15625
4 0.69375 0.315625 0.01953125 0.0765625
4 0.49140625 0.66875 0.0453125 0.15625
4 0.15546875 0.4234375 0.0171875 0.05546875
4 0.734375 0.425 0.02734375 0.10078125
4 0.68828125 0.25703125 0.0171875 0.0625
4 0.4640625 0.53671875 0.0328125 0.09375
4 0.73515625 0.33359375 0.021875 0.0765625
4 0.6421875 0.58515625 0.03515625 0.11484375
4 0.2734375 0.43203125 0.03125 0.09375
4 0.79296875 0.41328125 0.02734375 0.0765625
1 0.8 0.19765625 0.0453125 0.0625
1 0.8328125 0.14921875 0.0375 0.0484375
1 0.8171875 0.09375 0.021875 0.034375