5 0.2546875 0.55390625 0.2796875 0.34375
3 0.1890625 0.83359375 0.09375 0.14609375
3 0.7703125 0.46171875 0.025 0.0765625
3 0.6921875 0.4984375 0.0328125 0.065625
3 0.4515625 0.4078125 0.03125 0.059375
3 0.60859375 0.7 0.0484375 0.09375
3 0.63984375 0.74453125 0.0484375 0.128125
4 0.18828125 0.78125 0.0609375 0.14609375
4 0.43828125 0.965625 0.0609375 0.0625
4 0.56640625 0.9375 0.05859375 0.11796875
4 0.61328125 0.63515625 0.04296875 0.10390625
4 0.67265625 0.41328125 0.021875 0.08359375
4 0.4546875 0.38203125 0.0234375 0.0765625
4 0.82734375 0.3453125 0.025 0.07265625
4 0.69609375 0.45859375 0.0296875 0.08359375
4 0.7390625 0.79375 0.0484375 0.16328125
4 0.55625 0.60390625 0.03515625 0.11796875
4 0.71171875 0.2171875 0.0140625 0.05234375
4 0.640625 0.7046875 0.0390625 0.125
1 0.628125 0.38203125 0.0765625 0.1109375
1 0.38359375 0.69296875 0.1859375 0.23984375
1 0.715625 0.28671875 0.071875 0.09375
1 0.7359375 0.3890625 0.07421875 0.1109375
1 0.6765625 0.2015625 0.0453125 0.05546875