3 0.0375 0.9203125 0.07421875 0.153125
3 0.46484375 0.35234375 0.015625 0.0453125
3 0.0671875 0.5640625 0.0328125 0.10078125
3 0.7265625 0.4671875 0.01953125 0.065625
3 0.6890625 0.4375 0.0234375 0.0625
3 0.5640625 0.26875 0.01171875 0.03828125
3 0.71953125 0.35234375 0.0140625 0.0453125
3 0.38203125 0.33671875 0.0328125 0.04140625
3 0.41796875 0.359375 0.01953125 0.0453125
3 0.778125 0.409375 0.021875 0.0625
4 0.71875 0.80703125 0.0390625 0.13515625
4 0.02734375 0.88046875 0.046875 0.128125
4 0.6890625 0.41640625 0.0234375 0.06953125
4 0.41875 0.3453125 0.0171875 0.0453125
1 0.93671875 0.5140625 0.0921875 0.16640625
1 0.2515625 0.36953125 0.11328125 0.09375
1 0.4515625 0.24296875 0.04296875 0.0484375
1 0.40234375 0.2828125 0.046875 0.059375