3 0.578125 0.60078125 0.02734375 0.096875
3 0.4078125 0.5125 0.01953125 0.05234375
0 0.1265625 0.35078125 0.1953125 0.19453125
4 0.29765625 0.621875 0.0296875 0.090625
4 0.4484375 0.90078125 0.0484375 0.15625
4 0.4578125 0.39921875 0.0171875 0.06953125
4 0.759375 0.4078125 0.0234375 0.059375
4 0.34296875 0.64921875 0.0328125 0.10390625
4 0.578125 0.57109375 0.02734375 0.08671875
4 0.42109375 0.57109375 0.0296875 0.10078125
4 0.409375 0.484375 0.021875 0.0796875
4 0.21171875 0.4234375 0.025 0.0765625
4 0.6984375 0.340625 0.0171875 0.05546875
4 0.51875 0.30390625 0.009375 0.0453125
4 0.4203125 0.25546875 0.0078125 0.03125
1 0.64140625 0.390625 0.0640625 0.07265625
1 0.5046875 0.46328125 0.0640625 0.10078125
1 0.934375 0.48984375 0.0640625 0.0765625