3 0.35 0.85390625 0.046875 0.14609375
3 0.403125 0.7171875 0.0375 0.121875
3 0.709375 0.409375 0.03125 0.0765625
3 0.7734375 0.81953125 0.0546875 0.2015625
3 0.69453125 0.63203125 0.040625 0.11796875
3 0.340625 0.596875 0.0375 0.096875
3 0.671875 0.47734375 0.02734375 0.08671875
4 0.74921875 0.44296875 0.021875 0.10078125
4 0.34765625 0.78671875 0.046875 0.1421875
4 0.7109375 0.38203125 0.02734375 0.08359375
4 0.68125 0.346875 0.02734375 0.06953125
1 0.43671875 0.334375 0.15078125 0.11015625
4 0.440625 0.2671875 0.0140625 0.02109375
4 0.5203125 0.31953125 0.021875 0.08359375
4 0.340625 0.55 0.0328125 0.10078125
4 0.7 0.5328125 0.0296875 0.0796875
4 0.40234375 0.659375 0.0390625 0.13203125
4 0.6421875 0.33125 0.01953125 0.059375
3 0.296875 0.4890625 0.046875 0.07265625
4 0.3 0.45859375 0.0328125 0.096875
1 0.609375 0.59375 0.09375 0.18046875
1 0.57734375 0.4390625 0.0953125 0.1421875
1 0.61640625 0.88203125 0.15 0.22890625
1 0.6234375 0.30234375 0.109375 0.090625
1 0.4171875 0.5171875 0.1234375 0.1875
4 0.7765625 0.77421875 0.0375 0.1328125
4 0.2921875 0.353125 0.02734375 0.04921875
3 0.2515625 0.45546875 0.0453125 0.075
4 0.24375 0.41640625 0.0296875 0.07265625