3 0.4953125 0.796875 0.071875 0.14921875
3 0.665625 0.7625 0.0546875 0.128125
3 0.2125 0.55390625 0.08203125 0.10078125
3 0.35546875 0.91640625 0.0703125 0.159375
3 0.8125 0.3453125 0.015625 0.0453125
3 0.7953125 0.41640625 0.0234375 0.0625
3 0.134375 0.49140625 0.05859375 0.09375
3 0.78125 0.24140625 0.015625 0.03828125
0 0.6265625 0.49296875 0.21875 0.3890625
1 0.37578125 0.48984375 0.1890625 0.25
4 0.671875 0.71328125 0.04296875 0.128125
4 0.8140625 0.325 0.01953125 0.065625
4 0.503125 0.75859375 0.0453125 0.13515625
4 0.36015625 0.8609375 0.0609375 0.153125
4 0.79765625 0.3921875 0.025 0.0765625
4 0.75390625 0.31953125 0.01953125 0.0625
4 0.21484375 0.534375 0.0390625 0.11796875
4 0.15546875 0.4234375 0.0171875 0.05546875
4 0.234375 0.3625 0.03515625 0.0796875
4 0.128125 0.4671875 0.0328125 0.11484375
1 0.74609375 0.215625 0.0390625 0.0484375
1 0.621875 0.25546875 0.0609375 0.08671875