3 0.6125 0.66484375 0.0328125 0.09375
3 0.41328125 0.721875 0.025 0.08359375
4 0.46640625 0.8265625 0.0359375 0.09140625
4 0.2984375 0.97421875 0.0390625 0.0453125
4 0.4265625 0.8265625 0.0359375 0.09453125
4 0.5546875 0.44609375 0.015625 0.07265625
4 0.6140625 0.625 0.0296875 0.096875
4 0.41328125 0.684375 0.025 0.10390625
1 0.6484375 0.5140625 0.0703125 0.13203125
1 0.52421875 0.55 0.06875 0.14921875
1 0.3421875 0.6859375 0.08984375 0.190625
1 0.5609375 0.8 0.12109375 0.28828125
1 0.7234375 0.71015625 0.1078125 0.21953125