5 0.684375 0.1703125 0.05625 0.10390625
3 0.5640625 0.653125 0.03828125 0.08984375
3 0.7078125 0.875 0.040625 0.1109375
3 0.5984375 0.5015625 0.0375 0.0796875
3 0.76171875 0.69453125 0.0375 0.10078125
4 0.740625 0.43125 0.028125 0.0703125
3 0.79296875 0.43203125 0.02734375 0.08671875
3 0.8421875 0.29140625 0.01953125 0.04140625
4 0.60546875 0.45546875 0.03046875 0.06640625
3 0.65703125 0.44453125 0.0328125 0.0765625
3 0.68984375 0.684375 0.03671875 0.09140625
3 0.53515625 0.45625 0.02734375 0.065625
3 0.73828125 0.28984375 0.01953125 0.065625
3 0.709375 0.40078125 0.03125 0.0796875
3 0.8140625 0.3765625 0.01953125 0.065625
3 0.428125 0.41875 0.03125 0.065625
4 0.8078125 0.909375 0.0453125 0.1734375
4 0.71796875 0.796875 0.0453125 0.128125
3 0.609375 0.81171875 0.046875 0.1046875
4 0.61484375 0.71484375 0.04453125 0.11953125
4 0.5609375 0.58984375 0.03203125 0.0828125
4 0.79609375 0.41328125 0.025 0.0765625
4 0.15546875 0.4234375 0.0171875 0.05546875
4 0.43046875 0.39765625 0.025 0.08671875
4 0.65625 0.4203125 0.02734375 0.090625
1 0.2453125 0.64609375 0.2015625 0.215625
1 0.6390625 0.35234375 0.07421875 0.10078125
1 0.68125 0.27421875 0.0546875 0.0765625
1 0.34296875 0.75703125 0.2328125 0.3125
1 0.7578125 0.1703125 0.03515625 0.0484375
1 0.53828125 0.334375 0.096875 0.13515625
4 0.696875 0.6109375 0.03203125 0.09140625
4 0.76875 0.6234375 0.03203125 0.07890625
4 0.53671875 0.4078125 0.028125 0.06484375