3 0.68984375 0.528125 0.03046875 0.06875
3 0.7203125 0.2796875 0.01953125 0.0453125
3 0.82109375 0.34375 0.021875 0.0625
3 0.7203125 0.86171875 0.04765625 0.13984375
5 0.353125 0.47734375 0.19140625 0.26015625
5 0.56875 0.3921875 0.1328125 0.2359375
4 0.4171875 0.84453125 0.05546875 0.115625
4 0.73359375 0.78125 0.0453125 0.13203125
4 0.6953125 0.47578125 0.02734375 0.090625
4 0.609375 0.69453125 0.046875 0.10390625
1 0.06328125 0.878125 0.1265625 0.2359375
1 0.19609375 0.91875 0.2515625 0.15625