2 0.30546875 0.34375 0.18125 0.096875
3 0.2 0.60078125 0.084375 0.096875
3 0.1171875 0.65078125 0.1015625 0.10078125
3 0.0875 0.46015625 0.0546875 0.07265625
3 0.3453125 0.69609375 0.09375 0.10078125
3 0.30546875 0.8265625 0.11875 0.125
3 0.5171875 0.453125 0.04296875 0.05234375
3 0.10234375 0.3 0.0375 0.05234375
3 0.3 0.55703125 0.0609375 0.08671875
3 0.8125 0.71875 0.0859375 0.10390625
3 0.66875 0.91328125 0.1390625 0.159375
3 0.64375 0.33515625 0.025 0.03125
3 0.41796875 0.640625 0.0703125 0.08671875
3 0.5078125 0.3609375 0.02734375 0.04140625
3 0.70625 0.33828125 0.025 0.03125
3 0.71875 0.41640625 0.03125 0.04140625
3 0.4328125 0.5640625 0.0609375 0.0796875
3 0.3984375 0.50546875 0.046875 0.059375
4 0.121875 0.6234375 0.040625 0.121875
4 0.084375 0.4375 0.03125 0.08359375
4 0.58984375 0.575 0.03125 0.09375
4 0.29765625 0.5328125 0.0296875 0.09375
4 0.10078125 0.28828125 0.0171875 0.05546875
4 0.31171875 0.79140625 0.06875 0.153125
4 0.665625 0.8921875 0.046875 0.16640625
1 0.875 0.51015625 0.1171875 0.08359375