3 0.35546875 0.684375 0.03515625 0.090625
3 0.21953125 0.74140625 0.0484375 0.10078125
3 0.0359375 0.590625 0.040625 0.096875
3 0.503125 0.40625 0.021875 0.0484375
3 0.740625 0.5328125 0.02734375 0.0796875
3 0.81875 0.47890625 0.0234375 0.06953125
5 0.940625 0.79375 0.115625 0.40625
5 0.5625 0.2359375 0.06640625 0.10390625
4 0.35546875 0.64765625 0.03125 0.10078125
4 0.8203125 0.4515625 0.01953125 0.0625
4 0.41015625 0.375 0.01953125 0.0625
4 0.5015625 0.38515625 0.01953125 0.05546875
4 0.740625 0.5 0.02734375 0.08359375
4 0.0296875 0.50859375 0.03125 0.0796875
1 0.15703125 0.5640625 0.0875 0.1421875
1 0.784375 0.23984375 0.0375 0.0625
1 0.79765625 0.14765625 0.025 0.03828125
1 0.73359375 0.315625 0.0375 0.0765625