5 0.15 0.7203125 0.3 0.496875
3 0.690625 0.63359375 0.0375 0.08671875
3 0.4484375 0.6234375 0.0484375 0.1078125
3 0.39765625 0.4234375 0.053125 0.0765625
3 0.61796875 0.6890625 0.0375 0.08671875
3 0.30078125 0.77578125 0.07421875 0.15625
3 0.8203125 0.35625 0.0234375 0.065625
3 0.7890625 0.3625 0.0234375 0.059375
3 0.47578125 0.53671875 0.040625 0.07265625
3 0.71015625 0.3 0.0171875 0.0453125
3 0.85625 0.25 0.0171875 0.05546875
3 0.5859375 0.27421875 0.01953125 0.0484375
3 0.81953125 0.61484375 0.0296875 0.0765625
3 0.74296875 0.28828125 0.0171875 0.0484375
3 0.76640625 0.2953125 0.0171875 0.0484375
3 0.6875 0.390625 0.03125 0.07265625
4 0.3046875 0.73125 0.046875 0.128125
4 0.49375 0.94765625 0.0546875 0.096875
4 0.8234375 0.56953125 0.0328125 0.10390625
4 0.4765625 0.50703125 0.0390625 0.10390625
4 0.39453125 0.40078125 0.03125 0.08671875
4 0.55390625 0.60390625 0.0375 0.11796875
4 0.69609375 0.58125 0.0328125 0.10078125
4 0.54296875 0.4984375 0.03125 0.1078125
4 0.61875 0.26875 0.015625 0.059375
4 0.621875 0.53828125 0.0375 0.13203125
4 0.57734375 0.796875 0.05625 0.14921875
4 0.6171875 0.64375 0.03515625 0.11484375
1 0.5171875 0.39609375 0.09765625 0.10390625
1 0.675 0.278125 0.05625 0.0765625