3 0.875 0.56953125 0.0390625 0.096875
3 0.109375 0.434375 0.0625 0.090625
3 0.8640625 0.27265625 0.0171875 0.05234375
3 0.19140625 0.3140625 0.02734375 0.059375
3 0.7765625 0.409375 0.025 0.0625
3 0.8 0.45 0.021875 0.0453125
3 0.834375 0.24296875 0.015625 0.04140625
3 0.3734375 0.3578125 0.03515625 0.0625
4 0.875 0.53671875 0.03515625 0.09375
4 0.76484375 0.596875 0.0375 0.10390625
4 0.10625 0.40625 0.0328125 0.096875
4 0.37578125 0.33359375 0.0171875 0.06953125
4 0.190625 0.2953125 0.021875 0.06953125
4 0.640625 0.91171875 0.05859375 0.15625
4 0.86015625 0.85234375 0.0609375 0.16328125
1 0.7109375 0.375 0.06640625 0.096875
1 0.47265625 0.75859375 0.20703125 0.30234375