3 0.2953125 0.9046875 0.0546875 0.14921875
3 0.678125 0.46171875 0.01953125 0.06953125
3 0.58203125 0.27421875 0.015625 0.05546875
3 0.3875 0.43203125 0.025 0.05234375
3 0.38203125 0.66484375 0.0375 0.10078125
3 0.346875 0.6234375 0.0375 0.09375
3 0.03828125 0.703125 0.040625 0.09375
3 0.0484375 0.4859375 0.03515625 0.0765625
3 0.28984375 0.35625 0.0375 0.03828125
3 0.3609375 0.52578125 0.03125 0.065625
3 0.01875 0.54140625 0.0296875 0.06953125
3 0.4109375 0.4671875 0.021875 0.059375
1 0.12578125 0.35390625 0.146875 0.125
5 0.484375 0.28984375 0.08203125 0.11484375
5 0.8140625 0.5640625 0.1015625 0.315625
4 0.29375 0.8609375 0.0375 0.13203125
1 0.73984375 0.3921875 0.05703125 0.121875
4 0.7390625 0.30390625 0.0140625 0.05234375
4 0.28828125 0.33671875 0.0171875 0.04140625
4 0.3890625 0.409375 0.01953125 0.05546875
4 0.37890625 0.63203125 0.0234375 0.090625
4 0.4125 0.4359375 0.01953125 0.059375
4 0.3609375 0.5015625 0.02734375 0.065625
1 0.95 0.6265625 0.0953125 0.246875
5 0.84921875 0.22734375 0.04921875 0.115625
1 0.8875 0.14921875 0.025 0.04140625
1 0.22265625 0.5125 0.10546875 0.1078125