3 0.7578125 0.29375 0.01953125 0.0453125
3 0.43125 0.35625 0.03515625 0.059375
3 0.81328125 0.27109375 0.0171875 0.0484375
3 0.80859375 0.3875 0.01953125 0.05234375
3 0.07109375 0.734375 0.0953125 0.14921875
3 0.70703125 0.328125 0.015625 0.0453125
1 0.59375 0.58671875 0.18359375 0.340625
5 0.575 0.29375 0.0875 0.13515625
4 0.809375 0.3609375 0.021875 0.0765625
4 0.759375 0.27265625 0.01953125 0.05234375
1 0.3484375 0.54375 0.165625 0.184375
1 0.52734375 0.47578125 0.109375 0.1390625
1 0.73125 0.15625 0.0375 0.0484375
1 0.69375 0.27578125 0.0625 0.0796875