5 0.32890625 0.5171875 0.1546875 0.1875
3 0.16015625 0.5453125 0.0390625 0.0765625
3 0.67109375 0.621875 0.0296875 0.090625
3 0.6515625 0.88515625 0.0375 0.11796875
3 0.63984375 0.565625 0.0296875 0.08359375
3 0.8390625 0.30390625 0.0140625 0.0453125
3 0.3015625 0.35390625 0.0375 0.04140625
3 0.38359375 0.3296875 0.0296875 0.05546875
3 0.40546875 0.46875 0.025 0.0625
4 0.1578125 0.52265625 0.0234375 0.07265625
4 0.6515625 0.828125 0.0375 0.13515625
4 0.303125 0.33828125 0.015625 0.0453125
1 0.946875 0.5171875 0.08984375 0.14609375
1 0.4828125 0.32109375 0.0859375 0.0796875
1 0.80546875 0.921875 0.13125 0.14921875
1 0.79609375 0.234375 0.0328125 0.05234375
1 0.065625 0.4703125 0.103125 0.11484375
1 0.809375 0.16640625 0.025 0.04140625