3 0.1109375 0.91171875 0.109375 0.1703125
3 0.1125 0.453125 0.071875 0.11484375
3 0.0296875 0.74453125 0.05859375 0.15625
3 0.82109375 0.253125 0.021875 0.05546875
4 0.103125 0.875 0.05859375 0.18046875
4 0.53828125 0.9546875 0.0609375 0.08359375
4 0.7984375 0.315625 0.01953125 0.06953125
1 0.596875 0.378125 0.1 0.1109375
1 0.24921875 0.47734375 0.165625 0.1421875
1 0.7125 0.171875 0.0390625 0.05234375
1 0.75625 0.1703125 0.03515625 0.0484375
1 0.7203125 0.309375 0.07421875 0.096875
1 0.7734375 0.2484375 0.05078125 0.065625