3 0.7078125 0.4515625 0.021875 0.0625
3 0.8265625 0.55234375 0.02734375 0.0765625
3 0.734375 0.26875 0.015625 0.0453125
3 0.7546875 0.2984375 0.021875 0.0484375
3 0.56953125 0.2984375 0.0171875 0.0484375
3 0.78828125 0.328125 0.0171875 0.0453125
1 0.809375 0.825 0.1578125 0.34375
5 0.3171875 0.33515625 0.1109375 0.11484375
4 0.709375 0.42734375 0.0234375 0.06953125
4 0.3015625 0.05546875 0.025 0.096875
1 0.91875 0.6109375 0.103125 0.215625
1 0.9125 0.21875 0.03515625 0.0484375
1 0.9328125 0.3140625 0.0640625 0.10078125
1 0.0234375 0.3875 0.046875 0.07265625