3 0.24296875 0.85390625 0.0484375 0.159375
3 0.33671875 0.515625 0.071875 0.08671875
3 0.6234375 0.45 0.03125 0.07265625
3 0.34453125 0.796875 0.053125 0.1421875
3 0.453125 0.46171875 0.02734375 0.090625
3 0.303125 0.671875 0.04296875 0.128125
3 0.30390625 0.4203125 0.071875 0.0765625
3 0.440625 0.7046875 0.071875 0.13203125
3 0.2375 0.39921875 0.071875 0.0765625
4 0.2390625 0.7796875 0.053125 0.17734375
4 0.625 0.41171875 0.03125 0.10078125
4 0.3328125 0.4859375 0.0328125 0.11796875
4 0.678125 0.36796875 0.03125 0.1109375
4 0.45234375 0.42890625 0.0296875 0.1078125
4 0.415625 0.36796875 0.0234375 0.10390625
4 0.5859375 0.175 0.015625 0.059375
4 0.3015625 0.6125 0.0453125 0.128125
4 0.3453125 0.74140625 0.05078125 0.184375
4 0.715625 0.371875 0.0296875 0.10390625
1 0.51171875 0.36640625 0.08203125 0.16328125
1 0.4734375 0.215625 0.05625 0.1109375
1 0.53046875 0.13203125 0.0484375 0.0765625
1 0.44140625 0.0765625 0.03515625 0.05546875
1 0.58984375 0.26015625 0.078125 0.11796875
1 0.46171875 0.15078125 0.0453125 0.07265625