5 0.51875 0.325 0.1234375 0.19765625
3 0.82421875 0.578125 0.03515625 0.08671875
4 0.73828125 0.6390625 0.0390625 0.1390625
4 0.77734375 0.3625 0.0234375 0.08671875
4 0.8265625 0.54140625 0.03515625 0.096875
1 0.70703125 0.41796875 0.0875 0.16796875
4 0.7 0.3140625 0.021875 0.065625
4 0.15546875 0.4234375 0.0171875 0.05546875
4 0.2703125 0.984375 0.025 0.02421875
4 0.80390625 0.33125 0.021875 0.0796875
4 0.80859375 0.465625 0.02734375 0.08359375
5 0.57109375 0.41796875 0.08203125 0.1515625
1 0.315625 0.64765625 0.22734375 0.2515625
1 0.70859375 0.24140625 0.065625 0.13125