5 0.5671875 0.23125 0.0640625 0.1078125
3 0.55078125 0.76015625 0.03515625 0.1109375
3 0.09765625 0.6109375 0.02734375 0.10390625
3 0.25390625 0.36484375 0.0390625 0.04140625
4 0.55546875 0.715625 0.0375 0.10390625
4 0.78984375 0.24140625 0.0140625 0.05234375
4 0.253125 0.34921875 0.021875 0.0453125
4 0.82890625 0.309375 0.0171875 0.0625
4 0.446875 0.45625 0.0234375 0.07265625
4 0.6171875 0.27109375 0.01171875 0.05546875
4 0.5140625 0.3265625 0.015625 0.0625
1 0.9203125 0.49296875 0.09375 0.159375
1 0.4375 0.328125 0.07421875 0.065625
1 0.875 0.25546875 0.0390625 0.059375
1 0.35625 0.534375 0.103125 0.159375