3 0.26953125 0.3765625 0.04296875 0.065625
3 0.7921875 0.2671875 0.0171875 0.04140625
3 0.13125 0.4375 0.05859375 0.08359375
3 0.3234375 0.371875 0.0375 0.06953125
3 0.1703125 0.35390625 0.03125 0.0625
3 0.86015625 0.5484375 0.0328125 0.0765625
3 0.4046875 0.25859375 0.0234375 0.0453125
3 0.0890625 0.42890625 0.053125 0.0796875
3 0.8671875 0.31796875 0.015625 0.0453125
4 0.3234375 0.340625 0.025 0.06953125
4 0.1265625 0.4046875 0.03125 0.08671875
4 0.8640625 0.5171875 0.0328125 0.096875
4 0.6046875 0.11640625 0.025 0.07265625
4 0.26953125 0.35078125 0.02734375 0.08359375
4 0.8328125 0.3765625 0.021875 0.07265625
4 0.8015625 0.39765625 0.025 0.07265625
4 0.16875 0.32109375 0.0296875 0.07265625
4 0.803125 0.496875 0.02734375 0.090625
1 0.55 0.2828125 0.0609375 0.07265625
1 0.44140625 0.30234375 0.078125 0.0765625
1 0.3859375 0.3875 0.134375 0.15625
1 0.76171875 0.34921875 0.0625 0.09375
1 0.67265625 0.31484375 0.07578125 0.11328125
1 0.50390625 0.771875 0.21640625 0.3734375