3 0.5015625 0.92265625 0.059375 0.1328125
3 0.60078125 0.76875 0.05625 0.15625
3 0.64453125 0.8625 0.05859375 0.184375
3 0.77734375 0.64921875 0.03125 0.0765625
4 0.7859375 0.903125 0.0609375 0.1875
4 0.7828125 0.6078125 0.0390625 0.11796875
4 0.5203125 0.50859375 0.0375 0.11484375
4 0.6375 0.43046875 0.0328125 0.1109375
4 0.6484375 0.809375 0.046875 0.13203125
4 0.1546875 0.4234375 0.015625 0.05546875
4 0.21171875 0.9046875 0.071875 0.1703125
4 0.82890625 0.39609375 0.025 0.08359375
4 0.4875 0.49453125 0.0328125 0.121875
4 0.5765625 0.4234375 0.03125 0.11796875
4 0.5859375 0.50703125 0.03125 0.125
1 0.528125 0.36796875 0.0875 0.1109375
1 0.315625 0.57265625 0.165625 0.18046875
1 0.734375 0.50546875 0.08984375 0.15625
1 0.70234375 0.246875 0.053125 0.0765625
3 0.38828125 0.93984375 0.0546875 0.11484375
4 0.3984375 0.81875 0.04140625 0.1046875