3 0.540625 0.60625 0.078125 0.08671875
3 0.27421875 0.74296875 0.103125 0.125
3 0.459375 0.39921875 0.0234375 0.0484375
3 0.3140625 0.546875 0.07421875 0.07265625
3 0.6421875 0.64921875 0.078125 0.090625
3 0.86328125 0.71328125 0.09375 0.11484375
3 0.1578125 0.2671875 0.03125 0.0484375
3 0.7359375 0.5328125 0.05078125 0.065625
3 0.2890625 0.371875 0.03125 0.04140625
4 0.5265625 0.359375 0.0140625 0.059375
4 0.2796875 0.71328125 0.046875 0.1421875
4 0.64453125 0.61484375 0.02734375 0.096875
4 0.28984375 0.35390625 0.025 0.05546875
4 0.54375 0.590625 0.0328125 0.1109375
1 0.35 0.64765625 0.21484375 0.16328125