5 0.42265625 0.33671875 0.1546875 0.221875
3 0.13359375 0.46171875 0.0609375 0.08359375
3 0.7859375 0.440625 0.025 0.0625
3 0.25625 0.35390625 0.0390625 0.0625
3 0.3296875 0.378125 0.03515625 0.06953125
3 0.8515625 0.30390625 0.015625 0.03828125
3 0.7703125 0.4078125 0.0171875 0.0453125
3 0.81328125 0.28125 0.0171875 0.034375
3 0.19375 0.35625 0.04296875 0.065625
1 0.6796875 0.190625 0.0625 0.08359375
4 0.1328125 0.43046875 0.03515625 0.10390625
4 0.8578125 0.9390625 0.0703125 0.11484375
4 0.77421875 0.378125 0.021875 0.06953125
4 0.85078125 0.40078125 0.021875 0.07265625
4 0.33125 0.359375 0.025 0.08671875
4 0.853125 0.28671875 0.015625 0.0453125
4 0.6046875 0.11484375 0.025 0.06953125
4 0.790625 0.41640625 0.02734375 0.0765625
4 0.8171875 0.25703125 0.0140625 0.028125
1 0.7390625 0.28671875 0.0453125 0.065625
1 0.59453125 0.221875 0.0484375 0.05546875
1 0.50859375 0.8140625 0.2125 0.3296875