3 0.153125 0.375 0.05625 0.10390625
3 0.25703125 0.4875 0.040625 0.121875
5 0.3171875 0.859375 0.290625 0.27421875
4 0.2140625 0.55 0.0484375 0.15625
1 0.225 0.08203125 0.07265625 0.10234375
4 0.2796875 0.090625 0.015625 0.06953125
4 0.1484375 0.340625 0.03125 0.1109375
4 0.23515625 0.190625 0.025 0.090625
4 0.26171875 0.45 0.05078125 0.1421875
1 0.246875 0.3296875 0.0953125 0.16640625
1 0.31875 0.0484375 0.046875 0.096875
1 0.35 0.55390625 0.12890625 0.26015625
5 0.38125 0.21015625 0.07109375 0.17578125
5 0.36953125 0.10625 0.0625 0.15078125