3 0.63359375 0.8109375 0.0296875 0.10078125
3 0.603125 0.65625 0.02734375 0.096875
3 0.42890625 0.83515625 0.0375 0.11484375
4 0.35625 0.95859375 0.0375 0.0765625
4 0.41875 0.94765625 0.040625 0.096875
4 0.63359375 0.7671875 0.0328125 0.13203125
4 0.57109375 0.5125 0.021875 0.0796875
4 0.61875 0.409375 0.015625 0.0625
1 0.62890625 0.5453125 0.0703125 0.14609375
1 0.5203125 0.50546875 0.05625 0.1078125
1 0.53984375 0.628125 0.0765625 0.153125
1 0.5484375 0.8140625 0.08984375 0.246875
1 0.59296875 0.41640625 0.040625 0.090625
1 0.33984375 0.6875 0.0859375 0.1734375