1 0.2984375 0.453125 0.1875 0.190625
3 0.7921875 0.5125 0.025 0.065625
3 0.65625 0.69296875 0.04296875 0.11484375
3 0.68359375 0.33828125 0.01953125 0.0453125
3 0.46796875 0.246875 0.0171875 0.04140625
3 0.721875 0.2984375 0.0140625 0.034375
4 0.66015625 0.64765625 0.0390625 0.121875
4 0.58515625 0.96171875 0.05625 0.06953125
4 0.31953125 0.28984375 0.021875 0.065625
4 0.5640625 0.2171875 0.01171875 0.0453125
4 0.6875 0.3125 0.01953125 0.05546875
4 0.72578125 0.2828125 0.0171875 0.0453125
4 0.24140625 0.33671875 0.0296875 0.08359375
4 0.4703125 0.2328125 0.015625 0.0484375
4 0.2921875 0.33828125 0.0296875 0.065625
4 0.79765625 0.47890625 0.025 0.08359375
1 0.4734375 0.590625 0.15 0.1875
1 0.559375 0.29375 0.0609375 0.07265625
1 0.66875 0.23125 0.0484375 0.059375
1 0.75859375 0.33671875 0.05625 0.0765625
1 0.5984375 0.24453125 0.0484375 0.065625