5 0.415625 0.33515625 0.1328125 0.121875
3 0.95 0.55703125 0.05625 0.065625
3 0.6984375 0.590625 0.0640625 0.06953125
3 0.05859375 0.50546875 0.08203125 0.07265625
3 0.15234375 0.48984375 0.0703125 0.0765625
3 0.2453125 0.4703125 0.0484375 0.065625
3 0.71875 0.47421875 0.04296875 0.05234375
3 0.065625 0.32265625 0.0375 0.04140625
5 0.25078125 0.30703125 0.1078125 0.09375
4 0.95 0.53125 0.025 0.06953125
4 0.70703125 0.5640625 0.03125 0.0796875
4 0.05390625 0.47890625 0.040625 0.10390625
4 0.6046875 0.340625 0.021875 0.04140625
4 0.24609375 0.45 0.02734375 0.08671875
1 0.2765625 0.5453125 0.1578125 0.125