3 0.3984375 0.7046875 0.04296875 0.10390625
3 0.25390625 0.86953125 0.0546875 0.13515625
3 0.15546875 0.78828125 0.053125 0.1109375
3 0.7328125 0.3765625 0.01953125 0.05234375
3 0.5078125 0.340625 0.015625 0.04140625
3 0.125 0.67890625 0.03515625 0.07265625
3 0.24921875 0.54375 0.0375 0.07265625
3 0.87578125 0.25 0.0140625 0.034375
3 0.03203125 0.3765625 0.0328125 0.03828125
3 0.4421875 0.421875 0.021875 0.05234375
3 0.434375 0.309375 0.025 0.0484375
3 0.5390625 0.32109375 0.015625 0.03828125
3 0.45234375 0.51015625 0.025 0.06953125
3 0.73828125 0.221875 0.01171875 0.034375
0 0.596875 0.221875 0.05625 0.10390625
4 0.121875 0.64609375 0.0328125 0.10390625
4 0.4 0.671875 0.03515625 0.1078125
4 0.45390625 0.4859375 0.021875 0.08359375
4 0.3015625 0.05546875 0.025 0.096875
1 0.065625 0.50703125 0.0953125 0.1109375
1 0.89140625 0.40625 0.0640625 0.10390625
1 0.65234375 0.43203125 0.0859375 0.128125
1 0.846875 0.85625 0.1265625 0.28125