3 0.1078125 0.63515625 0.03125 0.0765625
3 0.2921875 0.359375 0.0375 0.03828125
3 0.70703125 0.45625 0.01953125 0.065625
3 0.1125 0.7953125 0.0328125 0.096875
3 0.8375 0.32265625 0.015625 0.0484375
4 0.90703125 0.9703125 0.0328125 0.05234375
4 0.28984375 0.3453125 0.0171875 0.05234375
4 0.1140625 0.753125 0.0453125 0.11796875
4 0.096875 0.309375 0.0171875 0.0484375
1 0.78203125 0.33125 0.0484375 0.0796875
1 0.36328125 0.640625 0.1328125 0.22578125
1 0.8859375 0.3890625 0.0640625 0.11796875
1 0.93125 0.2625 0.05078125 0.07265625
1 0.97734375 0.440625 0.040625 0.13203125
1 0.48359375 0.31796875 0.0640625 0.059375