1 0.2203125 0.58359375 0.17578125 0.409375
3 0.11328125 0.63515625 0.046875 0.125
3 0.7578125 0.903125 0.12890625 0.18046875
3 0.0546875 0.621875 0.05859375 0.13203125
3 0.61328125 0.4859375 0.0625 0.11796875
3 0.55390625 0.4046875 0.0453125 0.08671875
3 0.7359375 0.453125 0.09375 0.11484375
3 0.32421875 0.60078125 0.03515625 0.1109375
3 0.3421875 0.309375 0.02734375 0.090625
4 0.759375 0.88359375 0.06640625 0.22578125
4 0.52265625 0.70859375 0.053125 0.16640625
4 0.54609375 0.56796875 0.0328125 0.14921875
4 0.5515625 0.36796875 0.0296875 0.10390625
4 0.3984375 0.11484375 0.015625 0.06953125
4 0.13359375 0.4515625 0.040625 0.153125
4 0.9734375 0.38359375 0.0328125 0.1421875
4 0.11328125 0.575 0.0546875 0.16328125
4 0.42109375 0.09375 0.0171875 0.06953125
4 0.1703125 0.3265625 0.03515625 0.1109375
4 0.21953125 0.8421875 0.053125 0.1421875
4 0.50703125 0.4390625 0.0375 0.14921875
4 0.1625 0.49296875 0.02734375 0.08359375
4 0.05078125 0.56953125 0.0546875 0.1390625
1 0.33125 0.175 0.05625 0.1078125