3 0.81875 0.74296875 0.0390625 0.1109375
3 0.59296875 0.85234375 0.040625 0.121875
3 0.41015625 0.465625 0.02734375 0.06953125
3 0.0515625 0.54140625 0.0375 0.0765625
3 0.55625 0.39765625 0.01953125 0.0453125
3 0.2359375 0.36953125 0.04296875 0.0453125
3 0.4953125 0.46875 0.025 0.0625
3 0.09453125 0.63359375 0.0296875 0.07265625
3 0.76953125 0.3453125 0.01953125 0.0453125
3 0.490625 0.3609375 0.01953125 0.0484375
3 0.83671875 0.29140625 0.0140625 0.04140625
3 0.371875 0.45625 0.025 0.07265625
3 0.70625 0.2984375 0.0140625 0.04140625
4 0.81640625 0.69609375 0.0390625 0.11484375
4 0.55625 0.375 0.015625 0.06953125
4 0.23828125 0.34921875 0.015625 0.059375
1 0.35625 0.58671875 0.11875 0.16640625
1 0.38984375 0.33515625 0.084375 0.0796875
1 0.14375 0.38359375 0.103125 0.065625