1 0.47265625 0.621875 0.17578125 0.22890625
3 0.09296875 0.690625 0.1 0.13203125
3 0.5546875 0.6859375 0.05078125 0.128125
3 0.3234375 0.55 0.05625 0.11484375
3 0.465625 0.8453125 0.0609375 0.16328125
3 0.6234375 0.65078125 0.04296875 0.09375
3 0.69609375 0.69453125 0.040625 0.125
3 0.7546875 0.32265625 0.021875 0.0625
3 0.6359375 0.93046875 0.05625 0.13203125
3 0.64375 0.40078125 0.025 0.0796875
3 0.7125 0.30234375 0.01953125 0.05546875
3 0.790625 0.328125 0.01953125 0.059375
3 0.8359375 0.3296875 0.01953125 0.0625
3 0.68125 0.2484375 0.015625 0.0453125
3 0.80625 0.58359375 0.0234375 0.08359375
3 0.703125 0.46171875 0.02734375 0.06953125
4 0.471875 0.79375 0.0484375 0.13515625
4 0.0875 0.653125 0.046875 0.13203125
4 0.41796875 0.52421875 0.04296875 0.13203125
4 0.52265625 0.925 0.05625 0.1421875
4 0.55625 0.64609375 0.0390625 0.125
4 0.15546875 0.4234375 0.0171875 0.05546875
4 0.728125 0.934375 0.06640625 0.125
4 0.70703125 0.52421875 0.0390625 0.10390625
4 0.325 0.51875 0.040625 0.11484375
4 0.759375 0.5453125 0.03515625 0.11796875
4 0.70703125 0.421875 0.02734375 0.07265625
4 0.8109375 0.54140625 0.03125 0.125