3 0.7515625 0.77578125 0.0390625 0.10078125
0 0.73515625 0.3578125 0.1390625 0.284375
1 0.503125 0.7796875 0.2796875 0.434375
4 0.75703125 0.7171875 0.040625 0.121875
4 0.38203125 0.534375 0.0453125 0.125
1 0.4484375 0.61484375 0.1890625 0.2359375
1 0.49609375 0.41328125 0.109375 0.13203125
1 0.11015625 0.83125 0.2203125 0.3296875
1 0.71796875 0.23984375 0.040625 0.0625
1 0.471875 0.21015625 0.05625 0.065625
1 0.63125 0.2484375 0.0546875 0.065625
4 0.1078125 0.928125 0.071875 0.1234375
3 0.1515625 0.95234375 0.0625 0.0953125