3 0.75 0.66171875 0.08984375 0.1421875
3 0.4609375 0.9046875 0.140625 0.184375
3 0.890625 0.4203125 0.06640625 0.10390625
3 0.60078125 0.63515625 0.0875 0.1390625
3 0.778125 0.22890625 0.0453125 0.0765625
4 0.89765625 0.40078125 0.0375 0.13515625
4 0.4546875 0.1578125 0.0234375 0.08671875
4 0.58515625 0.6078125 0.05625 0.153125
4 0.76171875 0.628125 0.0546875 0.16640625
4 0.6109375 0.596875 0.046875 0.153125
4 0.47265625 0.86484375 0.0703125 0.1875
1 0.35625 0.52109375 0.2671875 0.27109375
1 0.6671875 0.33828125 0.1859375 0.17734375
1 0.06328125 0.61953125 0.1265625 0.22578125
1 0.64921875 0.2203125 0.1734375 0.10078125
1 0.93046875 0.21015625 0.134375 0.14921875