5 0.8375 0.3921875 0.0703125 0.1875
3 0.62109375 0.66484375 0.02734375 0.08671875
3 0.2984375 0.68046875 0.04296875 0.090625
3 0.1546875 0.76875 0.0625 0.128125
3 0.3828125 0.77109375 0.0390625 0.096875
3 0.015625 0.6703125 0.03125 0.090625
3 0.2796875 0.39765625 0.0390625 0.065625
3 0.79609375 0.2515625 0.0140625 0.03828125
3 0.09453125 0.453125 0.0328125 0.059375
0 0.70625 0.2671875 0.084375 0.159375
4 0.14921875 0.746875 0.0328125 0.1109375
4 0.2984375 0.64375 0.02734375 0.09375
1 0.759375 0.68046875 0.09375 0.20859375
1 0.03203125 0.465625 0.0640625 0.10390625
1 0.94375 0.58125 0.109375 0.21875
1 0.39375 0.27109375 0.0328125 0.05546875
1 0.85 0.109375 0.01953125 0.03125
1 0.53125 0.26875 0.05078125 0.065625