3 0.18359375 0.878125 0.05078125 0.1109375
3 0.55390625 0.5125 0.021875 0.065625
3 0.75859375 0.36484375 0.0171875 0.05546875
3 0.30078125 0.69453125 0.03515625 0.090625
3 0.54609375 0.41640625 0.0171875 0.05546875
3 0.71875 0.2984375 0.015625 0.04140625
3 0.0625 0.61484375 0.0390625 0.10390625
3 0.49609375 0.44453125 0.01953125 0.05546875
3 0.0125 0.58671875 0.025 0.10390625
3 0.21796875 0.3625 0.0375 0.03828125
3 0.9515625 0.546875 0.03515625 0.08671875
3 0.840625 0.20625 0.0140625 0.03828125
3 0.0203125 0.496875 0.0328125 0.08359375
3 0.51953125 0.4046875 0.01953125 0.05234375
3 0.45390625 0.4375 0.021875 0.05546875
3 0.5546875 0.328125 0.015625 0.03828125
3 0.59453125 0.328125 0.0140625 0.03828125
3 0.3828125 0.340625 0.03125 0.034375
3 0.37890625 0.44765625 0.0234375 0.0625
4 0.17890625 0.840625 0.040625 0.125
1 0.1578125 0.4828125 0.10546875 0.1109375
1 0.803125 0.52265625 0.08203125 0.16328125
1 0.79765625 0.16328125 0.025 0.04140625
1 0.39375 0.27109375 0.0328125 0.05546875
1 0.8859375 0.065625 0.0171875 0.028125
1 0.8625 0.10234375 0.021875 0.03125