2 0.7546875 0.77109375 0.25390625 0.44921875
2 0.4046875 0.56328125 0.0828125 0.2203125
3 0.0328125 0.59296875 0.02265625 0.04921875
3 0.14921875 0.53125 0.01640625 0.03984375
3 0.940625 0.7140625 0.02890625 0.06015625
3 0.103125 0.56640625 0.01875 0.04453125
0 0.9296875 0.6234375 0.1390625 0.17109375
1 0.2359375 0.62890625 0.05625 0.084375
1 0.215625 0.784375 0.10390625 0.1734375
1 0.6125 0.471875 0.02265625 0.02890625
1 0.81953125 0.621875 0.05859375 0.07109375
2 0.46015625 0.8859375 0.1390625 0.228125
2 0.07578125 0.84609375 0.1515625 0.3078125
5 0.47578125 0.675 0.078125 0.19296875