3 0.71953125 0.7046875 0.053125 0.13203125
3 0.5078125 0.61640625 0.046875 0.1078125
3 0.76484375 0.42734375 0.0296875 0.06953125
3 0.8265625 0.440625 0.01953125 0.0625
3 0.4859375 0.38515625 0.03515625 0.0625
3 0.709375 0.44296875 0.0234375 0.059375
3 0.8078125 0.390625 0.021875 0.059375
3 0.60859375 0.52421875 0.0328125 0.06953125
3 0.78046875 0.534375 0.0296875 0.08359375
3 0.6640625 0.42890625 0.03515625 0.0796875
3 0.72578125 0.49296875 0.0296875 0.0765625
4 0.43828125 0.90078125 0.053125 0.15625
4 0.56953125 0.8921875 0.05625 0.096875
4 0.509375 0.57109375 0.0390625 0.1078125
4 0.48828125 0.3609375 0.0234375 0.0765625
4 0.578125 0.19453125 0.01171875 0.05546875
4 0.71796875 0.66484375 0.0453125 0.11484375
4 0.4734375 0.246875 0.0171875 0.08359375
1 0.33984375 0.48984375 0.16015625 0.14609375
1 0.5984375 0.296875 0.0765625 0.0796875
1 0.7125 0.3296875 0.0703125 0.090625
1 0.09453125 0.83671875 0.1890625 0.31953125