5 0.415625 0.4203125 0.1875 0.2640625
3 0.6640625 0.61796875 0.03515625 0.08359375
3 0.7953125 0.49453125 0.03125 0.0796875
3 0.221875 0.47421875 0.071875 0.07265625
3 0.71171875 0.675 0.0328125 0.08671875
1 0.7171875 0.3734375 0.07734375 0.13046875
1 0.70234375 0.2859375 0.065625 0.0796875
3 0.753125 0.23125 0.0140625 0.03828125
3 0.2390625 0.41171875 0.053125 0.07265625
3 0.71015625 0.875 0.053125 0.11796875
3 0.1578125 0.57265625 0.06640625 0.10390625
4 0.66875 0.58359375 0.0296875 0.125
3 0.584375 0.721875 0.04765625 0.0953125
4 0.59296875 0.66875 0.040625 0.1421875
4 0.7203125 0.63046875 0.03515625 0.128125
4 0.15703125 0.534375 0.0453125 0.10390625
4 0.2 0.4515625 0.0328125 0.096875
4 0.71484375 0.8140625 0.05078125 0.1421875
4 0.21953125 0.44765625 0.0328125 0.096875
1 0.1171875 0.85234375 0.234375 0.28828125
1 0.6828125 0.19765625 0.040625 0.05546875
1 0.33515625 0.825 0.2515625 0.34375
1 0.7140625 0.171875 0.040625 0.05234375
1 0.621875 0.36171875 0.096875 0.153125
5 0.6078125 0.2515625 0.09296875 0.1328125