5 0.5125 0.359375 0.1390625 0.10078125
3 0.66484375 0.734375 0.0875 0.10078125
3 0.78984375 0.74296875 0.0875 0.10390625
3 0.89140625 0.8109375 0.103125 0.11484375
3 0.175 0.565625 0.0640625 0.096875
3 0.59765625 0.36484375 0.02734375 0.034375
3 0.07421875 0.49296875 0.05859375 0.0765625
3 0.8265625 0.5 0.05078125 0.0625
3 0.63203125 0.3609375 0.0171875 0.034375
3 0.790625 0.46171875 0.0390625 0.0484375
3 0.978125 0.53125 0.0390625 0.05546875
4 0.33984375 0.515625 0.02734375 0.09375
4 0.8 0.44453125 0.0140625 0.0484375
4 0.88984375 0.77421875 0.0453125 0.1390625
4 0.771875 0.7015625 0.03125 0.125
4 0.83125 0.4859375 0.0171875 0.0625
4 0.66875 0.7015625 0.0328125 0.125
4 0.5984375 0.34921875 0.0140625 0.0453125
4 0.353125 0.33515625 0.015625 0.0453125
4 0.39375 0.3625 0.0140625 0.05234375
4 0.79296875 0.7046875 0.03515625 0.1109375
1 0.6578125 0.6109375 0.18359375 0.1734375
1 0.11875 0.44296875 0.15234375 0.128125
1 0.9453125 0.66328125 0.10546875 0.1109375
1 0.3734375 0.49453125 0.140625 0.121875