3 0.17265625 0.5171875 0.05625 0.090625
3 0.56171875 0.63359375 0.0765625 0.09375
3 0.25390625 0.5125 0.0703125 0.10078125
3 0.921875 0.5140625 0.0546875 0.0625
3 0.7625 0.7984375 0.1 0.11796875
3 0.4875 0.578125 0.06875 0.0796875
3 0.6328125 0.61640625 0.0703125 0.09375
3 0.4484375 0.4078125 0.0296875 0.0453125
3 0.6390625 0.38203125 0.02734375 0.034375
3 0.71796875 0.4515625 0.0296875 0.04140625
3 0.15234375 0.44765625 0.04296875 0.0625
4 0.5671875 0.60625 0.025 0.1078125
4 0.4453125 0.3890625 0.01953125 0.05546875
4 0.48828125 0.54375 0.03125 0.10078125
4 0.7578125 0.7640625 0.04296875 0.13203125
4 0.925 0.49296875 0.025 0.05546875
4 0.17265625 0.4875 0.025 0.09375
4 0.63359375 0.590625 0.0328125 0.096875
1 0.0578125 0.403125 0.115625 0.096875