1 0.89375 0.55546875 0.1109375 0.2359375
3 0.2578125 0.9203125 0.06640625 0.153125
3 0.665625 0.6875 0.03125 0.10390625
3 0.4953125 0.46171875 0.021875 0.0625
3 0.41875 0.7171875 0.0375 0.09375
3 0.07421875 0.528125 0.02734375 0.0765625
3 0.015625 0.8265625 0.03125 0.1109375
3 0.10546875 0.734375 0.05078125 0.1078125
3 0.3921875 0.534375 0.02734375 0.06953125
1 0.1859375 0.49140625 0.13515625 0.15703125
3 0.2296875 0.3765625 0.040625 0.0453125
3 0.43359375 0.578125 0.03125 0.0796875
3 0.040625 0.6390625 0.04296875 0.1109375
3 0.50859375 0.3265625 0.0171875 0.04140625
3 0.4265625 0.38203125 0.021875 0.0484375
3 0.1484375 0.60625 0.03125 0.065625
3 0.31875 0.61484375 0.046875 0.0765625
4 0.49609375 0.440625 0.01953125 0.06953125
4 0.421875 0.67890625 0.03125 0.121875
4 0.84375 0.91640625 0.046875 0.159375
4 0.10546875 0.70625 0.0390625 0.11484375
4 0.428125 0.3609375 0.015625 0.0484375
4 0.009375 0.7578125 0.01875 0.121875
4 0.10859375 0.6421875 0.0328125 0.06953125
1 0.615625 0.2375 0.03125 0.0453125
1 0.8 0.21328125 0.0296875 0.05234375
1 0.39375 0.27109375 0.0328125 0.05546875
1 0.2265625 0.69765625 0.10625 0.1953125