3 0.56953125 0.72421875 0.0484375 0.1078125
3 0.63125 0.77109375 0.046875 0.1109375
3 0.6765625 0.46171875 0.0296875 0.06953125
3 0.8 0.41328125 0.021875 0.05546875
3 0.7125 0.390625 0.0234375 0.065625
3 0.7875 0.30234375 0.01953125 0.06953125
3 0.72578125 0.9046875 0.0640625 0.17734375
3 0.8359375 0.36484375 0.015625 0.0484375
3 0.76171875 0.465625 0.02734375 0.0625
3 0.75078125 0.35078125 0.0296875 0.0765625
0 0.834375 0.19765625 0.05859375 0.125
4 0.575 0.66640625 0.0453125 0.11796875
4 0.67890625 0.42734375 0.025 0.090625
4 0.803125 0.38359375 0.0234375 0.07265625
4 0.6359375 0.71328125 0.040625 0.128125
4 0.7640625 0.440625 0.02734375 0.08359375
4 0.8421875 0.3421875 0.01953125 0.065625
4 0.72734375 0.85078125 0.0484375 0.125
4 0.746875 0.53984375 0.0328125 0.10078125
4 0.5859375 0.19765625 0.01171875 0.05546875
1 0.3296875 0.840625 0.25 0.3125
1 0.16484375 0.72578125 0.2484375 0.284375
1 0.64453125 0.359375 0.08203125 0.11484375
1 0.68359375 0.284375 0.05859375 0.08359375
1 0.53203125 0.484375 0.13359375 0.17578125