3 0.4703125 0.77109375 0.05859375 0.13203125
3 0.5640625 0.596875 0.046875 0.125
3 0.65 0.4078125 0.02734375 0.0796875
3 0.60546875 0.4359375 0.03515625 0.08671875
3 0.3 0.91328125 0.0875 0.16640625
3 0.76484375 0.41171875 0.025 0.065625
3 0.47578125 0.39375 0.040625 0.065625
3 0.590625 0.30390625 0.021875 0.05234375
3 0.7796875 0.4859375 0.03515625 0.090625
3 0.796875 0.35390625 0.01953125 0.0765625
3 0.75625 0.66484375 0.03515625 0.1078125
3 0.834375 0.3921875 0.0234375 0.06953125
3 0.63203125 0.30390625 0.021875 0.05234375
3 0.76875 0.24140625 0.0171875 0.0453125
3 0.19609375 0.4703125 0.071875 0.08671875
3 0.71953125 0.215625 0.0171875 0.0484375
3 0.7953125 0.25 0.015625 0.0484375
4 0.475 0.72578125 0.04296875 0.13203125
4 0.40234375 0.91484375 0.06640625 0.15625
4 0.4484375 0.3 0.0171875 0.09375
4 0.196875 0.44765625 0.02734375 0.096875
4 0.56328125 0.559375 0.0328125 0.096875
4 0.4734375 0.36640625 0.021875 0.0796875
4 0.75703125 0.61640625 0.0375 0.1078125
4 0.7671875 0.38515625 0.0234375 0.06953125
4 0.29765625 0.8734375 0.053125 0.14921875
4 0.6046875 0.41171875 0.025 0.0796875
1 0.68828125 0.28828125 0.0640625 0.08359375
1 0.3015625 0.60078125 0.1890625 0.215625