5 0.5703125 0.515625 0.20703125 0.23984375
3 0.36328125 0.3421875 0.01953125 0.0453125
3 0.5453125 0.65078125 0.07421875 0.09375
3 0.18125 0.41640625 0.0546875 0.05546875
3 0.315625 0.43203125 0.025 0.065625
3 0.3 0.30234375 0.021875 0.028125
0 0.575 0.2515625 0.0609375 0.059375
4 0.178125 0.39765625 0.01953125 0.059375
4 0.36328125 0.33125 0.01171875 0.05234375
1 0.5625 0.35078125 0.07421875 0.0625
1 0.09765625 0.2984375 0.09765625 0.06953125
1 0.1859375 0.33125 0.10546875 0.07265625
1 0.24609375 0.253125 0.03125 0.04140625
1 0.94296875 0.70078125 0.1140625 0.25703125