3 0.509375 0.8921875 0.0390625 0.125
3 0.196875 0.9046875 0.0625 0.1421875
3 0.34765625 0.628125 0.03125 0.0765625
3 0.6625 0.6390625 0.02734375 0.08359375
3 0.0328125 0.7484375 0.0390625 0.09375
3 0.1515625 0.88515625 0.0640625 0.14609375
3 0.728125 0.22578125 0.01171875 0.04140625
3 0.771875 0.54140625 0.0234375 0.0765625
3 0.059375 0.48984375 0.0328125 0.06953125
3 0.05078125 0.61953125 0.02734375 0.0796875
3 0.884375 0.3734375 0.01953125 0.059375
3 0.10234375 0.5640625 0.025 0.065625
3 0.1921875 0.45625 0.025 0.03828125
3 0.028125 0.465625 0.0296875 0.05546875
4 0.8359375 0.5296875 0.02734375 0.10078125
4 0.6625 0.596875 0.02734375 0.096875
4 0.190625 0.4390625 0.025 0.065625
4 0.2515625 0.29375 0.01171875 0.05234375
4 0.51640625 0.828125 0.0453125 0.11484375
4 0.3015625 0.05546875 0.025 0.096875
4 0.34453125 0.278125 0.0140625 0.0484375
4 0.19921875 0.8609375 0.046875 0.13203125
4 0.0921875 0.3109375 0.01171875 0.0453125
4 0.09765625 0.534375 0.0234375 0.0765625
4 0.7890625 0.6859375 0.03515625 0.08671875
1 0.9234375 0.55546875 0.1015625 0.19453125
1 0.3921875 0.27109375 0.03125 0.05546875
1 0.5765625 0.24453125 0.04296875 0.05234375
1 0.90546875 0.184375 0.0328125 0.05546875
1 0.884375 0.109375 0.0234375 0.03828125
1 0.85 0.16484375 0.02734375 0.0453125
1 0.8546875 0.2171875 0.0328125 0.059375
1 0.78046875 0.27578125 0.040625 0.08671875
1 0.77265625 0.140625 0.021875 0.03828125