5 0.65 0.21875 0.06640625 0.11796875
3 0.44140625 0.784375 0.0859375 0.14609375
3 0.7546875 0.71328125 0.040625 0.1078125
3 0.6484375 0.425 0.03515625 0.08671875
3 0.5421875 0.640625 0.040625 0.09375
3 0.81171875 0.54375 0.025 0.07265625
3 0.69375 0.546875 0.03515625 0.08671875
3 0.81953125 0.29375 0.0171875 0.05234375
3 0.728125 0.2796875 0.01953125 0.059375
3 0.53125 0.39375 0.03125 0.065625
3 0.4609375 0.484375 0.04296875 0.0796875
3 0.74296875 0.52109375 0.0375 0.096875
3 0.275 0.91171875 0.1015625 0.1703125
3 0.57890625 0.51875 0.0328125 0.07265625
3 0.8234375 0.190625 0.0140625 0.0484375
3 0.7640625 0.371875 0.0234375 0.06953125
3 0.5875 0.40625 0.02734375 0.0765625
3 0.796875 0.3921875 0.0234375 0.06953125
4 0.1484375 0.8265625 0.0625 0.14609375
4 0.453125 0.75 0.04296875 0.13203125
4 0.546875 0.315625 0.01953125 0.06953125
4 0.28125 0.8578125 0.0625 0.13203125
4 0.75703125 0.6578125 0.040625 0.121875
4 0.35859375 0.9359375 0.0640625 0.121875
4 0.8140625 0.50703125 0.03125 0.090625
4 0.6765625 0.72734375 0.0484375 0.14921875
4 0.5453125 0.58828125 0.03515625 0.11484375
1 0.3953125 0.64921875 0.1859375 0.2359375
1 0.125 0.734375 0.25 0.26015625