2 0.58984375 0.5609375 0.0796875 0.1890625
1 0.76640625 0.7375 0.07734375 0.10703125
1 0.846875 0.64453125 0.07109375 0.084375
5 0.446875 0.9171875 0.1375 0.165625
5 0.31875 0.878125 0.11953125 0.24375
5 0.1765625 0.91796875 0.178125 0.1640625
2 0.46640625 0.7609375 0.15 0.22421875
0 0.48515625 0.5171875 0.05 0.1453125
5 0.23191175937500003 0.718085484375 0.3149003015625 0.7269688046875 0.3608940390625 0.65945559375 0.35789442031249996 0.49955584843749995 0.32149999687499997 0.4893333359375 0.3079012953125 0.49067253125 0.23891076562500002 0.5564091046875 0.23191175937500003 0.718085484375
2 0.173919703125 0.7713854 0.233911453125 0.6754455265625 0.24590985 0.5528557640625 0.2899037390625 0.5013324859375 0.2929033578125 0.45869252656250004 0.256908321875 0.44803257187499995 0.158999996875 0.4893333359375 0.115927684375 0.6079324515625 0.0949305875 0.760725375 0.173919703125 0.7713854
2 0.6758507296875 0.5528557640625 0.6428552359374999 0.5119924421875 0.6418553890625 0.44270259375 0.606499996875 0.444888890625 0.602860734375 0.48001250625 0.6278572984374999 0.59549565625 0.6778504234375 0.6026023375 0.6758507296875 0.5528557640625
0 0.71875 0.50546875 0.071875 0.10234375