3 0.27421875 0.190625 0.05625 0.0765625
3 0.05546875 0.70859375 0.1109375 0.1734375
3 0.8109375 0.184375 0.0546875 0.0625
3 0.25625 0.440625 0.08984375 0.1109375
3 0.36015625 0.3765625 0.0796875 0.10078125
3 0.4578125 0.41171875 0.0375 0.09375
3 0.47578125 0.2328125 0.06875 0.08359375
3 0.3234375 0.50859375 0.0765625 0.1421875
3 0.73359375 0.1578125 0.040625 0.07265625
3 0.590625 0.253125 0.0609375 0.0765625
3 0.53046875 0.27421875 0.0609375 0.08359375
3 0.20234375 0.690625 0.1078125 0.153125
3 0.3421875 0.15625 0.05078125 0.06953125
3 0.415625 0.4515625 0.046875 0.1109375
3 0.3703125 0.20859375 0.0609375 0.06953125
4 0.42109375 0.41875 0.0375 0.14921875
4 0.09765625 0.56796875 0.05078125 0.15625
4 0.32734375 0.471875 0.0453125 0.13203125
4 0.2484375 0.4046875 0.046875 0.1421875
4 0.26640625 0.284375 0.040625 0.10390625
4 0.0375 0.671875 0.0625 0.17734375
4 0.3609375 0.346875 0.0390625 0.13203125
4 0.59765625 0.153125 0.02734375 0.0625
4 0.6609375 0.09375 0.0171875 0.096875
4 0.475 0.21328125 0.02734375 0.1078125
4 0.2734375 0.16640625 0.02734375 0.096875
4 0.12109375 0.18203125 0.02734375 0.0796875
4 0.1828125 0.640625 0.06875 0.14921875
4 0.02734375 0.30703125 0.03515625 0.13515625
4 0.11875 0.44296875 0.046875 0.13515625
4 0.209375 0.128125 0.0234375 0.096875
1 0.5453125 0.42734375 0.125 0.221875
1 0.6921875 0.590625 0.2171875 0.29140625
1 0.35078125 0.76875 0.3296875 0.36484375
1 0.9421875 0.47578125 0.1109375 0.278125
1 0.94453125 0.784375 0.1078125 0.39609375