3 0.09375 0.628125 0.0703125 0.1734375
3 0.759375 0.59375 0.109375 0.1390625
3 0.7140625 0.92890625 0.1109375 0.13515625
3 0.7375 0.453125 0.0953125 0.11484375
4 0.4984375 0.91328125 0.0546875 0.16640625
4 0.76171875 0.5625 0.04296875 0.125
4 0.64765625 0.96875 0.0484375 0.05546875
4 0.70625 0.89921875 0.0640625 0.19453125
4 0.18828125 0.41640625 0.0375 0.08359375
4 0.084375 0.58671875 0.04296875 0.153125
4 0.9734375 0.38203125 0.040625 0.14609375
4 0.51875 0.659375 0.0453125 0.13203125
4 0.49140625 0.3609375 0.0296875 0.13203125
4 0.24140625 0.340625 0.0328125 0.096875
1 0.3296875 0.32109375 0.0859375 0.17734375
1 0.42109375 0.14375 0.0484375 0.08671875
1 0.41015625 0.55390625 0.12109375 0.26015625