5 0.134375 0.696875 0.26875 0.590625
3 0.3203125 0.4875 0.04296875 0.1078125
3 0.55625 0.43203125 0.05078125 0.11484375
3 0.25 0.27109375 0.03125 0.08359375
3 0.49921875 0.33671875 0.0296875 0.0625
4 0.625 0.9515625 0.07421875 0.090625
4 0.9765625 0.38046875 0.0390625 0.1421875
4 0.553125 0.403125 0.0390625 0.096875
4 0.22578125 0.38359375 0.0328125 0.07265625
4 0.321875 0.44453125 0.046875 0.125
1 0.39765625 0.5140625 0.1 0.2015625
1 0.321875 0.253125 0.078125 0.125
1 0.3484375 0.909375 0.1703125 0.1734375
1 0.39765625 0.10625 0.040625 0.059375