5 0.646875 0.41640625 0.14296875 0.1453125
3 0.2765625 0.49296875 0.05625 0.08359375
3 0.72265625 0.72890625 0.0859375 0.1109375
3 0.6296875 0.6390625 0.071875 0.096875
3 0.7546875 0.5328125 0.053125 0.07265625
5 0.9578125 0.64921875 0.0796875 0.27109375
4 0.72578125 0.703125 0.0328125 0.11484375
4 0.9328125 0.34375 0.009375 0.034375
4 0.63359375 0.6109375 0.0375 0.1109375
4 0.275 0.4671875 0.03125 0.0796875
1 0.70234375 0.34375 0.0609375 0.05546875
1 0.2453125 0.33828125 0.103125 0.07265625
1 0.05546875 0.359375 0.1109375 0.10078125
1 0.3734375 0.4234375 0.11328125 0.090625
1 0.8765625 0.515625 0.1484375 0.11484375
1 0.5734375 0.5390625 0.17265625 0.1421875
1 0.57734375 0.453125 0.1140625 0.07734375
1 0.46640625 0.4078125 0.1109375 0.08359375
1 0.41953125 0.346875 0.0859375 0.0578125
1 0.584375 0.3203125 0.07109375 0.0703125
1 0.0859375 0.2640625 0.09375 0.0453125
1 0.18203125 0.29375 0.07734375 0.06328125