5 0.3046875 0.2265625 0.09375 0.2625
3 0.23125 0.325 0.0328125 0.08671875
3 0.340625 0.40625 0.0328125 0.10390625
3 0.50703125 0.4359375 0.0375 0.11484375
3 0.646875 0.52578125 0.07421875 0.128125
3 0.7359375 0.4546875 0.09375 0.1109375
3 0.48515625 0.83671875 0.0875 0.1875
3 0.4640625 0.36484375 0.0296875 0.06953125
4 0.4921875 0.7953125 0.0625 0.16640625
4 0.6453125 0.48984375 0.040625 0.11796875
4 0.5875 0.84921875 0.05078125 0.13515625
4 0.5109375 0.39765625 0.0296875 0.10078125
4 0.978125 0.3890625 0.03515625 0.14609375
4 0.4640625 0.3296875 0.0296875 0.090625
1 0.19375 0.78828125 0.1953125 0.41640625
1 0.39765625 0.15703125 0.06875 0.1046875
1 0.34921875 0.93984375 0.16015625 0.11953125
3 0.0828125 0.79375 0.04765625 0.14765625
4 0.0984375 0.69140625 0.05546875 0.12734375
4 0.234375 0.27734375 0.03125 0.07734375