5 0.059375 0.2515625 0.0921875 0.10078125
3 0.1171875 0.79140625 0.1328125 0.13203125
3 0.903125 0.78671875 0.103125 0.11484375
3 0.49296875 0.61640625 0.06875 0.08671875
3 0.72578125 0.684375 0.0765625 0.08359375
3 0.63671875 0.609375 0.0703125 0.0796875
3 0.98046875 0.58671875 0.03515625 0.0625
3 0.82734375 0.425 0.021875 0.03828125
4 0.90234375 0.74296875 0.04296875 0.13203125
4 0.115625 0.76015625 0.046875 0.159375
4 0.828125 0.41328125 0.015625 0.0484375
4 0.49296875 0.58828125 0.0296875 0.11484375
4 0.7296875 0.653125 0.0375 0.11796875
4 0.63671875 0.58125 0.03515625 0.10078125
1 0.2703125 0.4671875 0.13125 0.11484375
1 0.0359375 0.30703125 0.071875 0.07265625
1 0.696875 0.56796875 0.15625 0.128125
1 0.82109375 0.35078125 0.0375 0.0484375