3 0.528125 0.4390625 0.05625 0.1078125
3 0.415625 0.4375 0.05078125 0.1109375
3 0.603125 0.52265625 0.078125 0.11484375
3 0.33203125 0.4171875 0.0234375 0.08671875
3 0.36875 0.33828125 0.03515625 0.09375
3 0.44140625 0.3421875 0.02734375 0.09375
3 0.20625 0.3734375 0.0296875 0.08671875
3 0.4046875 0.0953125 0.015625 0.0453125
3 0.39453125 0.1578125 0.01953125 0.065625
3 0.36796875 0.08671875 0.0140625 0.0484375
0 0.5125 0.7484375 0.7984375 0.496875
4 0.20625 0.33515625 0.0296875 0.1078125
3 0.2640625 0.44609375 0.0453125 0.09921875
4 0.25859375 0.41328125 0.0484375 0.11796875
4 0.52734375 0.4046875 0.03515625 0.10078125
4 0.3703125 0.30546875 0.0296875 0.096875
4 0.403125 0.0765625 0.0171875 0.0625
4 0.328125 0.38515625 0.03125 0.11796875
3 0.31484375 0.67578125 0.04296875 0.1078125
4 0.31640625 0.51015625 0.03125 0.10390625
4 0.6078125 0.49453125 0.046875 0.121875
4 0.4125 0.40078125 0.0390625 0.1078125
4 0.39453125 0.1375 0.01953125 0.065625
1 0.3140625 0.078125 0.05078125 0.10078125
1 0.2203125 0.0765625 0.0703125 0.10390625
3 0.1609375 0.25703125 0.0734375 0.059375
4 0.43671875 0.2515625 0.0203125 0.06484375
4 0.3671875 0.0625 0.01640625 0.04140625
3 0.69765625 0.5109375 0.04609375 0.06171875
4 0.728125 0.4859375 0.040625 0.090625