1 0.325 0.60234375 0.1234375 0.1703125
3 0.4359375 0.8015625 0.0296875 0.08359375
3 0.5484375 0.546875 0.01640625 0.04453125
3 0.4859375 0.5140625 0.01953125 0.0625
3 0.6 0.503125 0.01953125 0.05546875
3 0.58671875 0.41875 0.0171875 0.0453125
3 0.51640625 0.496875 0.0171875 0.05546875
3 0.5171875 0.4 0.01640625 0.03515625
3 0.4609375 0.496875 0.01953125 0.05546875
3 0.4875 0.9046875 0.0453125 0.09453125
3 0.83125 0.4234375 0.0375 0.0625
3 0.61875 0.61640625 0.03125 0.07265625
3 0.56953125 0.61953125 0.0296875 0.07265625
3 0.2140625 0.4234375 0.021875 0.0484375
0 0.1265625 0.34921875 0.1953125 0.190625
4 0.43515625 0.728125 0.03515625 0.09609375
4 0.60078125 0.47890625 0.021875 0.0765625
4 0.4859375 0.47109375 0.01953125 0.0578125
4 0.58671875 0.403125 0.0171875 0.0625
3 0.45390625 0.3890625 0.01953125 0.04140625
4 0.453125 0.35546875 0.015625 0.0328125
4 0.571875 0.57109375 0.028125 0.065625
4 0.45703125 0.46171875 0.01640625 0.05625
4 0.51796875 0.46015625 0.0171875 0.05625
3 0.29921875 0.2953125 0.0203125 0.02578125
4 0.29609375 0.28828125 0.009375 0.04140625
4 0.51875 0.3703125 0.015625 0.03515625
4 0.21875 0.4046875 0.01953125 0.059375
4 0.55078125 0.49375 0.02109375 0.0703125
3 0.65625 0.34453125 0.0234375 0.0375
4 0.6578125 0.31796875 0.0140625 0.03125
1 0.428125 0.284375 0.0390625 0.05546875
1 0.29765625 0.35078125 0.05625 0.0625
1 0.55859375 0.3625 0.0390625 0.07265625
1 0.49921875 0.27421875 0.025 0.034375
1 0.7265625 0.40625 0.09375 0.096875
3 0.509375 0.35703125 0.01171875 0.02890625
4 0.5109375 0.33984375 0.0203125 0.034375
3 0.6890625 0.32578125 0.021875 0.04609375
4 0.68984375 0.30078125 0.0171875 0.02578125
3 0.721875 0.31953125 0.0234375 0.034375
4 0.725 0.30390625 0.0203125 0.03203125
3 0.51640625 0.309375 0.02578125 0.02578125
4 0.515625 0.29453125 0.0140625 0.02734375
3 0.55546875 0.30546875 0.02421875 0.0234375
4 0.55859375 0.2921875 0.015625 0.02578125
3 0.6359375 0.2765625 0.02265625 0.02890625
4 0.63359375 0.26015625 0.021875 0.0203125
4 0.83671875 0.39609375 0.02734375 0.0546875
3 0.3359375 0.30078125 0.025 0.02578125
4 0.334375 0.28828125 0.021875 0.02890625