5 0.6921875 0.19609375 0.1625 0.2671875
5 0.41328125 0.3609375 0.2828125 0.27109375
3 0.45234375 0.75859375 0.0625 0.1921875
4 0.46015625 0.653125 0.0390625 0.0953125
3 0.32734375 0.871875 0.109375 0.203125
4 0.328125 0.7765625 0.04375 0.1078125
3 0.5296875 0.61171875 0.0546875 0.11640625
4 0.540625 0.528125 0.03125 0.08828125
3 0.59765625 0.45625 0.04140625 0.1015625
3 0.56640625 0.39765625 0.03125 0.09609375
3 0.5375 0.36171875 0.0265625 0.0875
4 0.59921875 0.37890625 0.02109375 0.053125
4 0.53984375 0.3 0.02265625 0.0625
3 0.15 0.315625 0.065625 0.09375
4 0.14921875 0.27421875 0.01640625 0.06171875
4 0.1640625 0.275 0.01953125 0.06328125
1 0.75 0.434375 0.1265625 0.1921875
1 0.63359375 0.66484375 0.1734375 0.2828125
1 0.80546875 0.2828125 0.08203125 0.140625
1 0.88203125 0.14609375 0.05546875 0.08828125
5 0.80546875 0.125 0.084375 0.175