1 0.4625 0.54375 0.2421875 0.40625
3 0.11015625 0.6265625 0.053125 0.16328125
3 0.65 0.27109375 0.05078125 0.090625
3 0.79609375 0.41171875 0.0765625 0.121875
3 0.0390625 0.46015625 0.05078125 0.128125
3 0.715625 0.36796875 0.0484375 0.090625
3 0.82890625 0.8421875 0.13125 0.21875
3 0.24453125 0.95703125 0.0609375 0.084375
4 0.2421875 0.91171875 0.07421875 0.1703125
4 0.803125 0.378125 0.0390625 0.10390625
4 0.76640625 0.13515625 0.021875 0.090625
4 0.9484375 0.4671875 0.0453125 0.121875
4 0.7203125 0.340625 0.0390625 0.096875
4 0.209375 0.8921875 0.046875 0.20859375
4 0.82734375 0.80390625 0.071875 0.190625
4 0.64765625 0.234375 0.0296875 0.10078125
3 0.0359375 0.32578125 0.03671875 0.08125
3 0.0734375 0.39296875 0.03203125 0.09140625
4 0.071875 0.346875 0.02578125 0.10546875
4 0.06484375 0.24296875 0.025 0.07265625
1 0.0953125 0.18046875 0.09765625 0.14609375
1 0.434375 0.16640625 0.1234375 0.13203125
1 0.9359375 0.6375 0.125 0.21171875
1 0.2 0.35234375 0.146875 0.28125
1 0.2953125 0.2953125 0.14453125 0.22890625
1 0.71953125 0.53984375 0.24375 0.27421875
1 0.290625 0.14375 0.1015625 0.128125
1 0.11328125 0.075 0.078125 0.0796875
3 0.8765625 0.425 0.08125 0.10390625
4 0.1 0.53984375 0.04296875 0.1125
4 0.03359375 0.384375 0.03046875 0.08671875
4 0.50390625 0.37890625 0.025 0.10859375
4 0.5234375 0.40078125 0.02421875 0.12734375
4 0.665625 0.23671875 0.0203125 0.09296875
4 0.89140625 0.37578125 0.04375 0.10703125
4 0.02578125 0.27265625 0.02421875 0.09453125
4 0.2 0.23046875 0.02109375 0.0609375
3 0.1125 0.47578125 0.0328125 0.10703125
4 0.103125 0.4015625 0.0234375 0.084375
3 0.5546875 0.26484375 0.05078125 0.06171875
4 0.55625 0.2203125 0.01796875 0.0921875