3 0.25 0.378125 0.03125 0.096875
5 1 0.59577324375 0.94876624375 0.5309990421874999 0.5666666625000001 0.65324074375 0.575900896875 0.6586969234375 0.41654777656249997 0.65684611875 0.41758936406249997 0.98811985 1 1 1 0.59577324375
3 0.696875 0.5125 0.0546875 0.121875
3 0.31875 0.31953125 0.03125 0.08359375
4 0.3171875 0.284375 0.0296875 0.096875
4 0.7 0.47421875 0.0484375 0.1421875
4 0.7671875 0.49140625 0.03515625 0.14921875
4 0.3296875 0.14375 0.0234375 0.07265625
3 0.39765625 0.5953125 0.0453125 0.096875
4 0.40234375 0.52265625 0.04296875 0.10078125
4 0.25 0.33515625 0.03125 0.1078125
1 0.39375 0.30546875 0.0765625 0.159375
5 0 0.99922396875 0.16658214843750002 1 0.26448536875 0.664248840625 0.2363642671875 0.4625235140625 0.117630578125 0.45882211875 0 0.667950378125 0 0.99922396875
4 0.35078125 0.8203125 0.04375 0.14765625
4 0.35859375 0.7453125 0.03671875 0.09296875
4 0.4640625 0.22421875 0.02734375 0.065625