1 0.303125 0.5 0.16015625 0.35390625
3 0.51875 0.63515625 0.0375 0.10390625
3 0.296875 0.3140625 0.03125 0.065625
3 0.44453125 0.52265625 0.0375 0.10078125
3 0.49609375 0.390625 0.04296875 0.10078125
3 0.175 0.471875 0.040625 0.1109375
4 0.378125 0.3125 0.02890625 0.0828125
4 0.41015625 0.2796875 0.028125 0.07734375
4 0.3484375 0.240625 0.01953125 0.08203125
4 0.39296875 0.2109375 0.02421875 0.0828125
3 0.4171875 0.21875 0.021875 0.05546875
3 0.3890625 0.2375 0.0234375 0.0796875
3 0.4578125 0.309375 0.025 0.05546875
3 0.10859375 0.3625 0.0328125 0.09375
3 0.39921875 0.14765625 0.0171875 0.059375
3 0.440625 0.825 0.1015625 0.175
4 0.5171875 0.5765625 0.04296875 0.13203125
4 0.4453125 0.48125 0.03515625 0.128125
3 0.353125 0.4109375 0.03125 0.0703125
4 0.3515625 0.3765625 0.02734375 0.11484375
4 0.4953125 0.35625 0.0375 0.1078125
4 0.4203125 0.3796875 0.02421875 0.078125
1 0.31640625 0.0765625 0.04296875 0.08359375
1 0.2203125 0.0765625 0.0703125 0.1109375
4 0.13984375 0.32734375 0.02890625 0.1265625
3 0.16796875 0.2578125 0.0828125 0.0609375
4 0.43359375 0.76328125 0.0453125 0.2015625
4 0.29765625 0.27890625 0.02421875 0.07578125
4 0.17890625 0.4109375 0.03984375 0.0890625
4 0.41484375 0.1890625 0.01953125 0.0671875
4 0.4640625 0.27109375 0.01796875 0.06484375
4 0.45546875 0.24609375 0.01640625 0.06015625