5 0.69609375 0.6375 0.1390625 0.246875
5 0.690625 0.365625 0.06484375 0.10078125
1 0.6765625 0.2828125 0.0328125 0.03828125
1 0.46171875 0.346875 0.06875 0.06953125
1 0.621875 0.3 0.0375 0.0453125
1 0.7890625 0.45625 0.05859375 0.0796875
5 0.5796875 0.559375 0.140625 0.26171875
5 0.15859375 0.8828125 0.3046875 0.234375
2 0.19765625 0.29453125 0.334375 0.18046875
2 0.49765625 0.27890625 0.1640625 0.12265625
2 0.8515625 0.3375 0.0796875 0.15078125
5 0.746875 0.3625 0.05234375 0.1109375
5 0.7875 0.32734375 0.03828125 0.075