5 0.23359375 0.1875 0.1421875 0.20859375
3 0.02734375 0.2640625 0.046875 0.096875
3 0.3734375 0.3921875 0.0546875 0.1109375
3 0.68125 0.6390625 0.09765625 0.1390625
3 0.49609375 0.28984375 0.03125 0.10078125
3 0.4984375 0.8125 0.1328125 0.2015625
3 0.86796875 0.496875 0.0640625 0.11796875
3 0.3859375 0.77421875 0.146875 0.18046875
3 0.825 0.81796875 0.103125 0.1703125
3 0.3421875 0.27421875 0.0390625 0.08359375
3 0.13203125 0.48125 0.103125 0.128125
3 0.0859375 0.24140625 0.0390625 0.08671875
3 0.14453125 0.2796875 0.0234375 0.08671875
3 0.60546875 0.61796875 0.09375 0.1390625
3 0.4359375 0.2984375 0.03515625 0.10390625
3 0.990625 0.39765625 0.015625 0.0796875
3 0.121875 0.9390625 0.17109375 0.121875
4 0.109375 0.91328125 0.08203125 0.16640625
4 0.37109375 0.34921875 0.04296875 0.11484375
3 0.56796875 0.45546875 0.04375 0.15078125
4 0.57109375 0.41484375 0.040625 0.11484375
4 0.8390625 0.77421875 0.06875 0.1734375
4 0.19921875 0.0953125 0.01953125 0.07265625
4 0.434375 0.26015625 0.0296875 0.08359375
4 0.4953125 0.190625 0.0296875 0.08359375
4 0.5015625 0.7828125 0.0625 0.184375
4 0.3953125 0.74453125 0.0609375 0.16328125
4 0.1375 0.2359375 0.0328125 0.11796875
4 0.128125 0.440625 0.053125 0.14609375
1 0.68359375 0.38203125 0.1640625 0.25703125
1 0.059375 0.66640625 0.11875 0.22890625
1 0.67890625 0.26875 0.2015625 0.1703125
1 0.06171875 0.1203125 0.0953125 0.1390625
1 0.13203125 0.10390625 0.078125 0.1125
4 0.87265625 0.4453125 0.03125 0.1015625
4 0.6828125 0.590625 0.05625 0.1359375
4 0.61875 0.58046875 0.04375 0.115625
1 0.82578125 0.18515625 0.16484375 0.13046875
4 0.54453125 0.1015625 0.0234375 0.0953125
4 0.58984375 0.1015625 0.02421875 0.08984375
4 0.35703125 0.075 0.03515625 0.0609375
4 0.0796875 0.1796875 0.01796875 0.04921875
4 0.0203125 0.2171875 0.03828125 0.1015625
4 0.34296875 0.22734375 0.034375 0.075
4 0.4984375 0.2546875 0.025 0.06640625