3 0.09453125 0.8109375 0.1890625 0.1625
4 0.109375 0.71484375 0.04765625 0.14296875
3 0.04375 0.9390625 0.0875 0.121875
3 0.33984375 0.86171875 0.16171875 0.18515625
4 0.3375 0.72578125 0.06953125 0.1671875
3 0.4859375 0.78359375 0.1390625 0.13828125
4 0.51171875 0.7 0.04765625 0.128125
3 0.7 0.77265625 0.10390625 0.1453125
4 0.7125 0.703125 0.03984375 0.12265625
4 0.65078125 0.68125 0.0328125 0.08203125
4 0.221875 0.6921875 0.0234375 0.1140625
4 0.26484375 0.68203125 0.028125 0.065625
3 0.84296875 0.74375 0.065625 0.09140625
4 0.84296875 0.67578125 0.034375 0.075
3 0.9125 0.7390625 0.071875 0.1125
4 0.91796875 0.675 0.0234375 0.07734375
3 0.58984375 0.765625 0.0796875 0.13515625
3 0.975 0.72421875 0.04921875 0.09453125
4 0.98359375 0.66875 0.0265625 0.06484375